0 0.015224 0.757854
1 0.014240 0.470880
2 0.015254 0.390955
3 0.016539 0.393829
4 0.110477 0.390348
5 0.597453 0.378019
6 0.686211 0.264599
7 1.113271 0.200254
8 1.745321 0.170198
9 2.282791 0.155777
10 3.176319 0.146865
11 3.749582 0.142558
12 4.877389 0.139010
13 5.994568 0.137711
14 4.759424 0.136854
15 7.589063 0.133785
16 7.501258 0.133793
17 5.157078 0.131831
18 8.754135 0.130127
19 9.488376 0.130278
20 8.956614 0.129236
21 9.271889 0.128478
22 9.594642 0.127278
23 9.603149 0.127430
24 9.592112 0.125825
25 9.838460 0.125070
26 9.806649 0.123574
27 9.871978 0.122345
28 9.841527 0.122548
29 9.857431 0.121047
30 9.891541 0.120407
31 9.900043 0.119546
32 9.901652 0.118735
33 9.884189 0.119692
34 9.902335 0.118604
35 9.901811 0.118401
36 9.902671 0.117168
37 9.903279 0.116068
38 9.902788 0.115358
39 9.903316 0.115912
40 9.899559 0.114471
41 9.903401 0.114638
42 9.903008 0.113727
43 9.903440 0.113232
44 9.903238 0.113207
45 9.903318 0.112425
46 9.903440 0.110751
47 9.903158 0.110803
48 9.903158 0.111324
49 9.903487 0.110963
50 9.903456 0.110253
51 9.903486 0.110174
52 9.903480 0.108783
53 9.903343 0.108322
54 9.903488 0.108366
55 9.903447 0.108079
56 9.903442 0.108339
57 9.903441 0.107996
58 9.903488 0.107512
59 9.903487 0.107314
60 9.903486 0.106549
61 9.903488 0.107146
62 9.903486 0.107627
63 9.903488 0.107179
64 9.903488 0.105435
65 9.903488 0.105008
66 9.903418 0.106189
67 9.903488 0.105178
68 9.903488 0.104795
69 9.903488 0.104783
70 9.903488 0.105376
71 9.903488 0.104654
72 9.903488 0.104811
73 9.903488 0.104571
74 9.903488 0.104441
75 9.903488 0.103056
76 9.903487 0.103931
77 9.903488 0.103588
78 9.903488 0.103031
79 9.903488 0.102266
80 9.903488 0.103020
81 9.903418 0.103156
82 9.903488 0.103111
83 9.903486 0.102572
84 9.903488 0.102644
85 9.903488 0.101687
86 9.903488 0.101921
87 9.903488 0.101740
88 9.903418 0.101603
89 9.903488 0.100885
90 9.903487 0.101046
91 9.903488 0.101223
92 9.903488 0.100842
93 9.903488 0.100239
94 9.903488 0.101261
95 9.903349 0.101211
96 9.903488 0.100867
97 9.903488 0.100507
98 9.903488 0.101304
99 9.903488 0.100310
100 9.903418 0.099057
101 9.903488 0.099370
102 9.903488 0.100254
103 9.903488 0.099300
104 9.903488 0.098788
105 9.903418 0.099412
106 9.903488 0.099830
107 9.903488 0.098545
108 9.903488 0.099157
109 9.903488 0.099684
110 9.903488 0.099666
111 9.903488 0.099513
112 9.903280 0.098134
113 9.903488 0.098840
114 9.903418 0.098210
115 9.903488 0.097817
116 9.903488 0.098163
117 9.903488 0.097877
118 9.903488 0.097503
119 9.903488 0.097993
120 9.903488 0.097290
121 9.903488 0.098144
122 9.903488 0.097784
123 9.903488 0.098147
124 9.903488 0.097134
125 9.903488 0.096894
126 9.903488 0.096784
127 9.903488 0.096405
128 9.903488 0.096753
129 9.903488 0.096837
130 9.903488 0.096772
131 9.903418 0.097140
132 9.903488 0.096707
133 9.903488 0.096639
134 9.903488 0.096615
135 9.903488 0.096469
136 9.903488 0.096524
137 9.903488 0.095606
138 9.903418 0.096755
139 9.903488 0.096689
140 9.903488 0.095282
141 9.903488 0.096259
142 9.903488 0.095379
143 9.903488 0.096390
144 9.903488 0.095186
145 9.903488 0.095655
146 9.903488 0.095227
147 9.903488 0.094741
148 9.903418 0.095884
149 9.903488 0.095750
150 9.903488 0.095443
151 9.903488 0.095792
152 9.903488 0.094964
153 9.903488 0.094452
154 9.903488 0.095242
155 9.903418 0.094689
156 9.903488 0.094100
157 9.903418 0.094414
158 9.903488 0.094152
159 9.903488 0.095429
160 9.903488 0.093809
161 9.903488 0.095494
162 9.903488 0.094901
163 9.903488 0.094752
164 9.903488 0.094524
165 9.903488 0.094611
166 9.903488 0.094076
167 9.903418 0.095143
168 9.903488 0.094613
169 9.903418 0.093791
170 9.903488 0.094433
171 9.903488 0.094147
172 9.903488 0.094105
173 9.903488 0.093533
174 9.903418 0.093054
175 9.903488 0.093626
176 9.903488 0.093769
177 9.903488 0.094125
178 9.903488 0.093343
179 9.903488 0.094000
180 9.903488 0.092917
181 9.903488 0.094724
182 9.903488 0.093137
183 9.903488 0.092876
184 9.903488 0.093660
185 9.903488 0.094377
186 9.903418 0.093214
187 9.903488 0.092614
188 9.903488 0.093348
189 9.903488 0.092751
