0 0.013417 0.780800
1 0.015356 0.435987
2 0.039499 0.392468
3 0.043770 0.395556
4 0.005362 0.393193
5 0.000914 0.390357
6 0.000939 0.346985
7 0.000642 0.245936
8 0.000184 0.192342
9 0.000426 0.170377
10 0.000351 0.158439
11 0.000290 0.153079
12 0.000020 0.148992
13 0.000172 0.145669
14 0.000099 0.144554
15 0.000145 0.143861
16 0.000090 0.142714
17 0.000108 0.141735
18 0.000062 0.140770
19 0.000130 0.139805
20 0.000020 0.139030
21 0.000080 0.137349
22 -0.000001 0.137026
23 0.000025 0.136672
24 -0.000001 0.135555
25 0.000077 0.136079
26 0.000050 0.135290
27 0.000031 0.134226
28 0.000037 0.135149
29 0.000085 0.133138
30 0.000046 0.133884
31 0.000038 0.133285
32 -0.000070 0.133300
33 0.000030 0.132103
34 -0.000046 0.132937
35 0.000051 0.131497
36 0.000011 0.132406
37 0.000033 0.131347
38 -0.000017 0.130870
39 0.000016 0.130861
40 0.000048 0.129904
41 -0.000042 0.129872
42 0.000011 0.129438
43 0.000006 0.129857
44 -0.000007 0.129879
45 -0.000007 0.127943
46 0.000027 0.128059
47 0.000006 0.128648
48 0.000026 0.127998
49 0.000015 0.128624
50 -0.000023 0.128062
51 0.000010 0.128640
52 -0.000022 0.127078
53 -0.000036 0.127122
54 0.000051 0.127353
55 0.000024 0.127228
56 0.000079 0.126266
57 0.000024 0.125778
58 0.000041 0.126268
59 -0.000007 0.126920
60 -0.000005 0.125337
61 -0.000085 0.124827
62 0.000033 0.126905
63 0.000006 0.125945
64 -0.000029 0.125524
65 0.000031 0.124900
66 0.000001 0.123952
67 0.000017 0.124580
68 0.000033 0.125269
69 0.000031 0.124774
70 -0.000006 0.124588
71 -0.000037 0.125026
72 0.000043 0.124669
73 -0.000016 0.123758
74 0.000037 0.123863
75 0.000002 0.123617
76 0.000031 0.124357
77 -0.000025 0.122823
78 0.000005 0.123616
79 0.000045 0.122990
80 0.000034 0.123741
81 0.000030 0.123434
82 0.000033 0.123028
83 0.000011 0.123574
84 0.000008 0.123391
85 -0.000003 0.122864
86 0.000003 0.122802
87 -0.000024 0.123427
88 0.000037 0.122176
89 0.000011 0.121340
90 -0.000000 0.123176
91 0.000000 0.122443
92 0.000049 0.122063
93 -0.000030 0.121144
94 0.000052 0.121782
95 -0.000003 0.120811
96 0.000008 0.121655
97 -0.000003 0.121641
98 0.000017 0.122001
99 -0.000016 0.121398
100 0.000002 0.121150
101 -0.000018 0.121351
102 0.000009 0.122037
103 0.000055 0.121036
104 0.000020 0.121126
105 -0.000023 0.121128
106 -0.000034 0.121321
107 -0.000008 0.121520
108 0.000000 0.120272
109 0.000052 0.120759
110 0.000022 0.120400
111 -0.000010 0.120381
112 -0.000010 0.120942
113 0.000001 0.120544
114 0.000016 0.119466
115 -0.000051 0.120792
116 -0.000001 0.120743
117 0.000005 0.119547
118 0.000064 0.119965
119 0.000026 0.119134
120 0.000020 0.119209
121 0.000024 0.120190
122 -0.000006 0.118701
123 -0.000005 0.120506
124 0.000021 0.119453
125 0.000006 0.119369
126 -0.000001 0.119201
127 0.000003 0.119092
128 0.000014 0.120293
129 -0.000035 0.119382
130 0.000038 0.119536
131 0.000020 0.119241
132 -0.000017 0.119376
133 -0.000004 0.119909
134 -0.000000 0.118969
135 0.000015 0.119246
136 -0.000001 0.119139
137 -0.000020 0.118836
138 0.000037 0.118349
139 0.000006 0.118477
140 -0.000013 0.119623
141 0.000042 0.118223
142 -0.000010 0.117621
143 -0.000008 0.119017
144 -0.000002 0.117412
145 0.000021 0.117747
146 0.000028 0.117896
147 0.000015 0.118707
148 0.000032 0.117885
149 -0.000004 0.117532
150 -0.000011 0.118159
151 0.000014 0.117312
152 0.000017 0.117564
153 0.000015 0.117964
154 0.000013 0.117779
155 0.000004 0.117658
156 0.000005 0.117574
157 -0.000003 0.117726
158 -0.000039 0.117551
159 -0.000026 0.117038
160 -0.000003 0.117952
161 0.000018 0.116445
162 0.000010 0.118274
163 -0.000012 0.116959
164 -0.000026 0.117154
165 -0.000002 0.117116
166 -0.000012 0.117049
167 -0.000013 0.117203
168 0.000031 0.117701
169 0.000012 0.116774
170 0.000018 0.116564
171 0.000034 0.115631
172 -0.000015 0.117082
173 0.000014 0.116497
174 -0.000038 0.117124
175 0.000017 0.116494
176 0.000015 0.116402
177 -0.000010 0.116338
178 0.000026 0.116640
179 0.000010 0.116311
180 0.000022 0.115019
181 0.000002 0.117555
182 -0.000006 0.116705
183 0.000001 0.116464
184 -0.000011 0.115640
185 0.000005 0.116690
186 0.000012 0.115777
187 -0.000003 0.116791
188 -0.000009 0.115389
189 0.000004 0.116048
