2 10 0.009409 0.009409
2 20 -0.013621 -0.013621
2 40 0.009576 0.009576
2 80 -0.004881 -0.004879
2 160 -0.005256 -0.005256
2 320 -0.003616 -0.003616
2 640 -0.004669 -0.004669
2 1280 -0.004360 -0.004360
4 10 -0.492678 -0.492592
4 20 -0.249307 -0.249036
4 40 -0.084655 -0.084649
4 80 -0.094166 -0.094146
4 160 -0.036093 -0.036090
4 320 -0.025087 -0.025085
4 640 -0.018019 -0.018019
4 1280 -0.013552 -0.013552
8 10 -2.134896 -2.134002
8 20 -0.913645 -0.913636
8 40 -0.748424 -0.748362
8 80 -0.691352 -0.689738
8 160 -0.620258 -0.619358
8 320 -0.146108 -0.146101
8 640 -0.102106 -0.102099
8 1280 -0.075633 -0.075626
16 10 -128.298447 -12.686813
16 20 -4.641729 -4.639413
16 40 -1.771081 -1.771063
16 80 -1.144724 -1.144621
16 160 -0.944293 -0.944206
16 320 -0.835441 -0.834624
16 640 -0.717147 -0.716224
16 1280 -0.623563 -0.623097
32 10 -417.137054 -43.701355
32 20 -235.592834 -23.519905
32 40 -9.607754 -9.606443
32 80 -3.453753 -3.453737
32 160 -2.083158 -2.083002
32 320 -1.350408 -1.350348
32 640 -1.131034 -1.130484
32 1280 -0.923278 -0.922494
64 10 -1001.492249 -129.821899
64 20 -800.700500 -86.019348
64 40 -444.054199 -46.910946
64 80 -19.533197 -19.530500
64 160 -6.850215 -6.850179
64 320 -3.978108 -3.977558
64 640 -2.212069 -2.211983
64 1280 -1.512940 -1.512880
128 10 -2204.122070 -347.123840
128 20 -1952.238892 -253.016724
128 40 -1557.018433 -169.090363
128 80 -854.223267 -93.205994
128 160 -39.397404 -39.384888
128 320 -13.680372 -13.679459
