0 0.013417 0.780800
1 0.015356 0.435987
2 0.039499 0.392468
3 0.043770 0.395556
4 0.005362 0.393193
5 0.000914 0.390357
6 0.000939 0.346985
7 0.000642 0.245936
8 0.000184 0.192342
9 0.000426 0.170377
10 0.000351 0.158439
11 0.000290 0.153079
12 0.000020 0.148992
13 0.000172 0.145669
14 0.000099 0.144554
15 0.000145 0.143861
16 0.000090 0.142714
17 0.000108 0.141735
18 0.000062 0.140770
19 0.000130 0.139805
20 0.000020 0.139030
21 0.000080 0.137349
22 -0.000001 0.137026
23 0.000025 0.136672
24 -0.000001 0.135555
25 0.000077 0.136079
26 0.000050 0.135290
27 0.000031 0.134226
28 0.000037 0.135149
29 0.000085 0.133138
30 0.000046 0.133884
31 0.000038 0.133285
32 -0.000070 0.133300
33 0.000030 0.132103
34 -0.000046 0.132937
35 0.000051 0.131497
36 0.000011 0.132406
37 0.000033 0.131347
38 -0.000017 0.130870
39 0.000016 0.130861
40 0.000048 0.129904
41 -0.000042 0.129872
42 0.000011 0.129438
43 0.000006 0.129857
44 -0.000007 0.129879
45 -0.000007 0.127943
46 0.000027 0.128059
47 0.000006 0.128648
48 0.000026 0.127998
49 0.000015 0.128624
50 -0.000023 0.128062
51 0.000010 0.128640
52 -0.000022 0.127078
53 -0.000036 0.127122
54 0.000051 0.127353
55 0.000024 0.127228
56 0.000079 0.126266
57 0.000024 0.125778
58 0.000041 0.126268
59 -0.000007 0.126920
60 -0.000005 0.125337
61 -0.000085 0.124827
62 0.000033 0.126905
63 0.000006 0.125945
64 -0.000029 0.125524
65 0.000031 0.124900
66 0.000001 0.123952
67 0.000017 0.124580
68 0.000033 0.125269
69 0.000031 0.124774
70 -0.000006 0.124588
71 -0.000037 0.125026
72 0.000043 0.124669
73 -0.000016 0.123758
74 0.000037 0.123863
75 0.000002 0.123617
76 0.000031 0.124357
77 -0.000025 0.122823
78 0.000005 0.123616
79 0.000045 0.122990
80 0.000034 0.123741
81 0.000030 0.123434
82 0.000033 0.123028
83 0.000011 0.123574
84 0.000008 0.123391
85 -0.000003 0.122864
86 0.000003 0.122802
87 -0.000024 0.123427
88 0.000037 0.122176
89 0.000011 0.121340
90 -0.000000 0.123176
91 0.000000 0.122443
92 0.000049 0.122063
93 -0.000030 0.121144
94 0.000052 0.121782
95 -0.000003 0.120811
96 0.000008 0.121655
97 -0.000003 0.121641
98 0.000017 0.122001
99 -0.000016 0.121398
100 0.000002 0.121150
101 -0.000018 0.121351
102 0.000009 0.122037
103 0.000055 0.121036
104 0.000020 0.121126
105 -0.000023 0.121128
106 -0.000034 0.121321
107 -0.000008 0.121520
108 0.000000 0.120272
109 0.000052 0.120759
110 0.000022 0.120400
111 -0.000010 0.120381
112 -0.000010 0.120942
113 0.000001 0.120544
114 0.000016 0.119466
115 -0.000051 0.120792
116 -0.000001 0.120743
117 0.000005 0.119547
118 0.000064 0.119965
119 0.000026 0.119134
120 0.000020 0.119209
121 0.000024 0.120190
122 -0.000006 0.118701
123 -0.000005 0.120506
124 0.000021 0.119453
125 0.000006 0.119369
126 -0.000001 0.119201
127 0.000003 0.119092
128 0.000014 0.120293
129 -0.000035 0.119382
130 0.000038 0.119536
131 0.000020 0.119241
132 -0.000017 0.119376
133 -0.000004 0.119909
134 -0.000000 0.118969
135 0.000015 0.119246
136 -0.000001 0.119139
137 -0.000020 0.118836
138 0.000037 0.118349
139 0.000006 0.118477
140 -0.000013 0.119623
141 0.000042 0.118223
142 -0.000010 0.117621
143 -0.000008 0.119017
144 -0.000002 0.117412
145 0.000021 0.117747
146 0.000028 0.117896
147 0.000015 0.118707
148 0.000032 0.117885
149 -0.000004 0.117532
150 -0.000011 0.118159
151 0.000014 0.117312
152 0.000017 0.117564
153 0.000015 0.117964
154 0.000013 0.117779
155 0.000004 0.117658
156 0.000005 0.117574
157 -0.000003 0.117726
158 -0.000039 0.117551
159 -0.000026 0.117038
160 -0.000003 0.117952
161 0.000018 0.116445
162 0.000010 0.118274
163 -0.000012 0.116959
164 -0.000026 0.117154
165 -0.000002 0.117116
166 -0.000012 0.117049
167 -0.000013 0.117203
168 0.000031 0.117701
169 0.000012 0.116774
170 0.000018 0.116564
171 0.000034 0.115631
172 -0.000015 0.117082
173 0.000014 0.116497
174 -0.000038 0.117124
175 0.000017 0.116494
176 0.000015 0.116402
177 -0.000010 0.116338
178 0.000026 0.116640
179 0.000010 0.116311
180 0.000022 0.115019
181 0.000002 0.117555
182 -0.000006 0.116705
183 0.000001 0.116464
184 -0.000011 0.115640
185 0.000005 0.116690
186 0.000012 0.115777
187 -0.000003 0.116791
188 -0.000009 0.115389
189 0.000004 0.116048
190 0.000025 0.114348
191 -0.000029 0.116928
192 -0.000001 0.115341
193 -0.000009 0.116363
194 0.000023 0.115495
195 0.000013 0.115915
196 -0.000007 0.116104
197 -0.000011 0.115943
198 0.000003 0.115269
199 0.000000 0.114739
200 0.000017 0.116607
201 -0.000004 0.115521
202 0.000007 0.114586
203 0.000007 0.115140
204 -0.000010 0.114964
205 -0.000011 0.114666
206 0.000018 0.115662
207 0.000015 0.115447
208 -0.000000 0.115611
209 0.000031 0.115694
210 0.000000 0.115333
211 0.000016 0.115287
212 0.000000 0.115595
213 0.000017 0.114936
214 -0.000012 0.115059
215 -0.000007 0.114945
216 -0.000015 0.115006
217 -0.000004 0.115684
218 0.000018 0.115103
219 -0.000015 0.115309
220 0.000020 0.115374
221 -0.000010 0.114019
222 0.000013 0.114840
223 -0.000006 0.114676
224 0.000015 0.115327
225 -0.000008 0.115091
226 0.000016 0.114779
227 -0.000022 0.114330
228 -0.000002 0.115159
229 0.000000 0.114799
230 -0.000021 0.114009
231 0.000004 0.114644
232 -0.000001 0.114410
233 -0.000012 0.114396
234 -0.000007 0.114063
235 0.000001 0.114232
236 -0.000002 0.114059
237 -0.000017 0.114452
238 -0.000007 0.114566
239 -0.000012 0.113904
240 0.000014 0.114271
241 0.000010 0.114182
242 -0.000009 0.115018
243 0.000002 0.115119
244 0.000003 0.113887
245 -0.000010 0.113568
246 -0.000011 0.113905
247 -0.000022 0.113913
248 0.000026 0.114250
249 -0.000017 0.114349
250 0.000003 0.114199
251 -0.000012 0.112259
252 0.000004 0.113991
253 0.000018 0.113601
254 -0.000006 0.113208
255 -0.000004 0.114513
256 -0.000002 0.113716
257 0.000008 0.113604
258 0.000020 0.112551
259 -0.000005 0.114260
260 -0.000004 0.114168
261 0.000003 0.113019
262 -0.000001 0.113733
263 0.000013 0.112496
264 -0.000015 0.114183
265 -0.000013 0.113006
266 0.000011 0.112890
267 0.000009 0.113154
268 -0.000011 0.114067
269 0.000002 0.113180
270 -0.000006 0.113075
271 0.000008 0.114106
272 0.000018 0.113493
273 -0.000006 0.113451
274 0.000006 0.113602
275 0.000004 0.112801
276 0.000009 0.113719
277 -0.000012 0.113470
278 -0.000009 0.114259
279 -0.000002 0.113486
280 0.000008 0.113455
281 -0.000021 0.113386
282 0.000007 0.113148
283 0.000006 0.114174
284 0.000005 0.112940
285 0.000023 0.112465
286 0.000014 0.113412
287 0.000015 0.112478
288 -0.000005 0.113018
289 0.000003 0.112779
290 0.000002 0.113133
291 0.000012 0.113057
292 -0.000003 0.112815
293 0.000004 0.113445
294 0.000016 0.112676
295 0.000011 0.112841
296 0.000006 0.111915
297 -0.000003 0.113176
298 -0.000009 0.112465
299 0.000019 0.112716
300 0.000012 0.112717
301 0.000002 0.113107
302 -0.000002 0.113046
303 0.000019 0.112997
304 -0.000004 0.112968
305 -0.000004 0.112987
306 -0.000010 0.112723
307 0.000004 0.112703
308 -0.000001 0.112663
309 -0.000000 0.112363
310 0.000017 0.112541
311 0.000005 0.112252
312 0.000001 0.112571
313 -0.000004 0.112319
314 -0.000003 0.112117
315 0.000010 0.112394
316 0.000011 0.112923
317 0.000003 0.112299
318 -0.000005 0.111971
319 0.000007 0.112918
320 -0.000003 0.111477
321 0.000010 0.111590
322 0.000010 0.112664
323 -0.000005 0.112065
324 0.000004 0.112342
325 -0.000013 0.112042
326 -0.000012 0.112579
327 -0.000003 0.112295
328 -0.000016 0.111870
329 -0.000004 0.112048
330 0.000009 0.111374
331 -0.000004 0.112173
332 -0.000015 0.111708
333 -0.000012 0.112255
334 -0.000004 0.112344
335 -0.000010 0.111884
336 0.000009 0.111669
337 -0.000007 0.112058
338 0.000002 0.111222
339 -0.000004 0.112470
340 0.000001 0.111483
341 0.000005 0.112799
342 -0.000001 0.111959
343 -0.000005 0.111571
344 0.000013 0.112171
345 0.000001 0.110934
346 0.000007 0.111054
347 0.000011 0.112373
348 0.000012 0.111219
349 -0.000010 0.111179
350 0.000011 0.112491
351 0.000009 0.112276
352 -0.000004 0.111614
353 -0.000021 0.111939
354 0.000004 0.112614
355 -0.000002 0.110979
356 0.000012 0.111359
357 -0.000008 0.110670
358 -0.000006 0.111358
359 0.000014 0.111725
360 -0.000001 0.111555
361 -0.000001 0.111114
362 -0.000003 0.112138
363 -0.000010 0.111749
364 0.000005 0.111955
365 -0.000010 0.112045
366 0.000015 0.112141
367 -0.000004 0.111003
368 0.000004 0.111544
369 0.000007 0.111697
370 -0.000008 0.111355
371 0.000020 0.111414
372 0.000012 0.110952
373 0.000006 0.111607
374 0.000024 0.112410
375 -0.000012 0.111992
376 -0.000008 0.111917
377 0.000003 0.111113
378 0.000007 0.111509
379 -0.000001 0.111092
380 0.000015 0.111555
381 0.000005 0.111680
382 -0.000004 0.112446
383 0.000011 0.111517
384 -0.000003 0.111828
385 0.000011 0.110763
386 -0.000010 0.111401
387 -0.000004 0.111611
388 0.000009 0.111302
389 -0.000007 0.111579
390 -0.000008 0.111998
391 0.000011 0.111475
392 -0.000008 0.111114
393 0.000008 0.112285
394 -0.000006 0.111021
395 -0.000007 0.111624
396 0.000011 0.110954
397 -0.000013 0.111742
398 0.000009 0.110953
399 -0.000010 0.111434
400 -0.000004 0.112253
401 0.000016 0.111350
402 0.000014 0.111384
403 0.000008 0.111449
404 -0.000000 0.111601
405 -0.000009 0.110817
406 -0.000014 0.111221
407 -0.000013 0.111139
408 0.000005 0.111030
409 0.000007 0.111087
