0 0.012669 0.758026
1 0.016425 0.439557
2 0.017181 0.403013
3 0.024837 0.406695
4 0.073387 0.392589
5 0.214578 0.371568
6 3.212268 0.252655
7 0.356060 0.188901
8 0.770415 0.144183
9 0.081980 0.128891
10 3.315867 0.119569
11 1.326183 0.116031
12 2.101901 0.113305
13 2.624788 0.109699
14 7.195178 0.107581
15 8.143446 0.108888
16 7.342763 0.106854
17 7.144673 0.104400
18 8.468611 0.104793
19 9.061160 0.102721
20 7.249833 0.102938
21 9.160147 0.102190
22 8.925649 0.100254
23 9.285340 0.099552
24 9.369720 0.099911
25 9.484870 0.100019
26 9.464504 0.098715
27 9.464880 0.097724
28 8.771775 0.097634
29 9.258288 0.096395
30 9.461643 0.096674
31 9.501258 0.095351
32 9.505314 0.095547
33 9.492756 0.095535
34 9.594388 0.094125
35 9.608552 0.094079
36 9.427530 0.093467
37 9.585377 0.093056
38 9.574063 0.092736
39 9.517623 0.092379
40 9.614346 0.091830
41 9.614933 0.091265
42 9.541635 0.091845
43 9.613321 0.090532
44 9.614826 0.090878
45 9.533660 0.090806
46 9.615256 0.089061
47 9.614826 0.089811
48 9.566444 0.089085
49 9.615796 0.089409
50 9.615520 0.088439
51 9.589548 0.088561
52 9.512985 0.089170
53 9.570654 0.088236
54 9.613028 0.087758
55 9.615248 0.087760
56 9.608890 0.087907
57 9.524233 0.087548
58 9.613169 0.086558
59 9.615706 0.087647
60 9.614709 0.086611
61 9.614921 0.086353
62 9.615086 0.086061
63 9.612802 0.086629
64 9.614587 0.086219
65 9.612894 0.085703
66 9.615561 0.085036
67 9.591633 0.085860
68 9.615054 0.085082
69 9.614499 0.085073
70 9.570009 0.085464
71 9.613901 0.084950
72 9.615528 0.084752
73 9.549818 0.084351
74 9.615616 0.084285
75 9.615677 0.084092
76 9.537693 0.083875
77 9.615566 0.084044
78 9.615711 0.083359
79 9.527816 0.083783
80 9.615712 0.083340
81 9.615544 0.082806
82 9.525786 0.083843
83 9.615566 0.082244
84 9.615479 0.082432
85 9.523580 0.083238
86 9.615805 0.082212
87 9.615701 0.082189
88 9.521673 0.082214
89 9.615032 0.081984
90 9.614936 0.081875
91 9.525681 0.081644
92 9.615805 0.081865
93 9.615469 0.081798
94 9.534432 0.081055
95 9.615566 0.081863
96 9.615620 0.081828
97 9.540384 0.081089
98 9.615598 0.080806
99 9.615805 0.080410
100 9.555483 0.080716
101 9.615706 0.080541
102 9.615713 0.081227
103 9.574771 0.080075
104 9.615562 0.080129
105 9.615713 0.080457
106 9.591480 0.080602
107 9.615523 0.080432
108 9.615493 0.080387
109 9.615804 0.079406
110 9.615591 0.079832
111 9.615621 0.079963
112 9.615709 0.079116
113 9.615713 0.079075
114 9.615713 0.079369
115 9.615799 0.079931
116 9.615695 0.079871
117 9.615689 0.078829
118 9.615713 0.079185
119 9.615621 0.079225
120 9.615805 0.079031
121 9.615621 0.078462
122 9.595088 0.078738
123 9.615621 0.079097
124 9.615713 0.078367
125 9.569585 0.078472
126 9.615805 0.078707
127 9.615713 0.078969
128 9.552406 0.077912
129 9.615805 0.078003
130 9.615713 0.077654
131 9.542043 0.078159
132 9.615713 0.078476
133 9.615586 0.077565
134 9.529451 0.078700
135 9.615805 0.077996
136 9.615621 0.077430
137 9.524402 0.077987
138 9.615713 0.077975
139 9.615805 0.077761
140 9.518672 0.077479
141 9.615620 0.077409
142 9.615705 0.077181
143 9.518765 0.077000
144 9.615713 0.076989
145 9.615419 0.077249
146 9.524218 0.076922
147 9.615436 0.077237
148 9.615621 0.076997
149 9.532166 0.076712
150 9.615713 0.076847
151 9.615593 0.076977
152 9.539190 0.076550
153 9.615802 0.075912
154 9.615713 0.076897
155 9.553792 0.077058
156 9.615805 0.076371
157 9.615713 0.076249
158 9.570890 0.075977
159 9.615713 0.076214
160 9.615621 0.076160
161 9.591314 0.076807
162 9.615713 0.076468
163 9.615614 0.076606
164 9.615713 0.075647
165 9.615713 0.076606
166 9.615528 0.075250
167 9.615621 0.076060
168 9.615713 0.075343
169 9.615621 0.076040
170 9.615621 0.075734
171 9.615805 0.075827
172 9.615620 0.075846
173 9.615713 0.075448
174 9.615713 0.075635
175 9.615713 0.075281
176 9.615436 0.075841
177 9.593255 0.076031
178 9.615713 0.075270
179 9.615805 0.074989
180 9.573755 0.075229
181 9.615713 0.075002
182 9.615713 0.075187
183 9.554439 0.075127
184 9.615528 0.074755
185 9.615797 0.075677
186 9.543348 0.075395
187 9.615713 0.074789
188 9.615528 0.075170
189 9.530040 0.075310
190 9.615713 0.075284
191 9.615621 0.075232
192 9.523093 0.074890
193 9.615621 0.075180
194 9.615805 0.074677
195 9.523293 0.074410
196 9.615713 0.074598
197 9.615713 0.075172
198 9.521907 0.074914
199 9.615528 0.074453
200 9.615805 0.074433
201 9.527914 0.074017
202 9.615805 0.074257
203 9.615805 0.074532
204 9.532685 0.074086
205 9.615805 0.074030
206 9.615713 0.074168
207 9.545751 0.074077
208 9.615805 0.074290
209 9.615805 0.075020
210 9.554254 0.073771
211 9.615621 0.074213
212 9.615621 0.074628
213 9.573015 0.074583
214 9.615621 0.074151
215 9.615621 0.074125
216 9.591684 0.074801
217 9.615713 0.074512
218 9.615621 0.074415
219 9.615713 0.073657
220 9.615621 0.074447
221 9.615713 0.073791
222 9.615493 0.074299
223 9.615805 0.073936
224 9.615713 0.073169
225 9.615621 0.073792
226 9.615713 0.074006
227 9.615805 0.073880
228 9.615621 0.073549
229 9.615713 0.073522
230 9.615713 0.073333
231 9.615805 0.072589
232 9.593625 0.074206
233 9.615713 0.072916
234 9.615713 0.073959
235 9.569688 0.073158
236 9.615805 0.073469
237 9.615713 0.073351
238 9.555455 0.073491
239 9.615528 0.073367
240 9.615805 0.073342
241 9.538912 0.073190
242 9.615621 0.073247
243 9.615621 0.073609
244 9.530410 0.073239
245 9.615713 0.073344
246 9.615713 0.073188
247 9.524957 0.073385
248 9.615713 0.072429
249 9.615713 0.073442
250 9.521260 0.072772
251 9.615528 0.073485
252 9.615713 0.073019
253 9.521445 0.073004
254 9.615401 0.073207
255 9.615713 0.073152
256 9.522831 0.073318
257 9.615621 0.072608
258 9.615713 0.072927
259 9.533644 0.072820
260 9.615713 0.072558
261 9.615621 0.072912
262 9.542055 0.073328
263 9.615621 0.072935
264 9.615713 0.072565
265 9.554716 0.073177
266 9.615713 0.072739
267 9.615528 0.072962
268 9.570058 0.073025
269 9.615713 0.072453
270 9.615621 0.072730
271 9.588727 0.072505
272 9.615805 0.072792
273 9.615713 0.072454
274 9.615713 0.073260
275 9.615805 0.072278
276 9.615805 0.071945
277 9.615621 0.073106
278 9.615621 0.072129
279 9.615713 0.072639
280 9.615528 0.072700
281 9.615805 0.072531
282 9.615713 0.071692
283 9.615713 0.072904
284 9.615493 0.072342
285 9.615528 0.072084
286 9.615621 0.072336
287 9.591037 0.072194
288 9.615713 0.072545
289 9.615713 0.072713
290 9.573108 0.071902
291 9.615528 0.071504
292 9.615713 0.072459
293 9.556842 0.071328
294 9.615621 0.072570
295 9.615713 0.072175
296 9.541223 0.072310
297 9.615805 0.072245
298 9.615586 0.071817
299 9.530779 0.072235
300 9.615713 0.071777
301 9.615621 0.071781
302 9.522831 0.071957
303 9.615713 0.071601
304 9.615713 0.071822
305 9.525234 0.071905
306 9.615528 0.072184
307 9.615805 0.071016
308 9.517194 0.071933
309 9.615713 0.072656
310 9.615528 0.071778
311 9.527637 0.071587
312 9.615805 0.071698
313 9.615713 0.071262
314 9.533090 0.072241
315 9.615805 0.071821
316 9.615528 0.072122
317 9.541315 0.071088
318 9.615805 0.071458
319 9.615713 0.072110
320 9.554901 0.072065
321 9.615621 0.072012
322 9.615805 0.070893
323 9.568394 0.070719
324 9.615713 0.071811
325 9.615621 0.071543
326 9.593070 0.071651
327 9.615713 0.071002
328 9.615805 0.071151
329 9.615621 0.070788
330 9.615621 0.071811
331 9.615713 0.071586
332 9.615713 0.070678
333 9.615621 0.071297
334 9.615713 0.072106
335 9.615805 0.071135
336 9.615805 0.071265
337 9.615621 0.070929
338 9.615713 0.071628
339 9.615713 0.071485
340 9.615805 0.071034
341 9.615805 0.071044
342 9.593128 0.072433
343 9.615621 0.071090
344 9.615621 0.071282
345 9.569041 0.071355
346 9.615713 0.070978
347 9.615805 0.071295
348 9.556934 0.071714
349 9.615621 0.070331
350 9.615308 0.070449
351 9.538081 0.071028
352 9.615621 0.071232
353 9.615586 0.071472
354 9.530687 0.071101
355 9.615586 0.070913
356 9.615805 0.071057
357 9.529855 0.071041
358 9.615805 0.070743
359 9.615528 0.070930
360 9.521537 0.071644
361 9.615805 0.070979
362 9.615528 0.071096
363 9.522739 0.071065
364 9.615805 0.070363
365 9.615713 0.071183
366 9.526458 0.070945
367 9.615805 0.071190
368 9.615621 0.070711
369 9.530964 0.071040
370 9.615713 0.071000
371 9.615805 0.070932
372 9.539837 0.071449
373 9.615621 0.070281
374 9.615805 0.070350
375 9.558505 0.071259
376 9.615805 0.070959
377 9.615805 0.071058
378 9.570520 0.071394
379 9.615621 0.070293
380 9.615805 0.071114
381 9.590205 0.070686
382 9.615805 0.070609
383 9.615621 0.071002
384 9.615805 0.070818
385 9.615713 0.070335
386 9.615713 0.070858
387 9.615621 0.070174
388 9.615713 0.070725
389 9.615401 0.069763
390 9.615713 0.069662
391 9.615805 0.070531
392 9.615436 0.071491
393 9.615713 0.070721
394 9.615805 0.070569
395 9.615805 0.069839
396 9.615528 0.070586
397 9.590760 0.070969
398 9.615713 0.070314
399 9.615805 0.070443
400 9.571167 0.070450
401 9.615621 0.070217
402 9.615713 0.070298
403 9.556068 0.070232
404 9.615621 0.070362
405 9.615805 0.070466
406 9.540853 0.070996
407 9.615805 0.070155
408 9.615713 0.070771
409 9.530652 0.070734
410 9.615621 0.070398
411 9.615805 0.070590
412 9.525142 0.070024
413 9.615713 0.070294
414 9.615713 0.070406
415 9.520706 0.070280
416 9.615493 0.069912
417 9.615493 0.070253
418 9.522831 0.070066
419 9.615713 0.070220
420 9.615805 0.070123
421 9.522277 0.069608
422 9.615621 0.070217
423 9.615713 0.070766
424 9.532073 0.069809
425 9.615436 0.070452
426 9.615805 0.069971
427 9.543071 0.070008
428 9.615621 0.070199
429 9.615621 0.070395
430 9.556287 0.069682
431 9.615805 0.070177
432 9.615805 0.070054
433 9.570150 0.069613
434 9.615621 0.070047
435 9.615805 0.070428
436 9.592608 0.069938
437 9.615713 0.069603
438 9.615621 0.070222
439 9.615805 0.070567
440 9.615805 0.069874
441 9.615713 0.070259
442 9.615713 0.069663
443 9.615713 0.070410
444 9.615493 0.069550
445 9.615805 0.070691
446 9.615805 0.070472
447 9.615528 0.070234
448 9.615621 0.069568
449 9.615805 0.069991
450 9.615528 0.070152
451 9.615713 0.069464
452 9.590228 0.070202
453 9.615805 0.069810
454 9.615805 0.070061
455 9.572738 0.069650
456 9.615713 0.069840
457 9.615621 0.069992
458 9.552590 0.070506
459 9.615713 0.070337
460 9.615805 0.070154
461 9.544053 0.070099
462 9.615621 0.070249
463 9.615713 0.069979
464 9.532351 0.069823
465 9.615621 0.069526
466 9.615713 0.069252
467 9.524402 0.069718
468 9.615713 0.069615
469 9.615713 0.069760
470 9.517933 0.069742
471 9.615805 0.070220
472 9.615621 0.069782
473 9.522831 0.069618
474 9.615805 0.069912
475 9.615621 0.070391
476 9.522092 0.069922
477 9.615621 0.069946
478 9.615713 0.069543
479 9.528007 0.070257
480 9.615805 0.069316
481 9.615713 0.069974
482 9.545844 0.069469
483 9.615713 0.069615
484 9.615713 0.069775
485 9.553387 0.069481
486 9.615713 0.069322
487 9.615713 0.069307
488 9.569503 0.069567
489 9.615621 0.069729
490 9.615713 0.069042
491 9.592701 0.069759
492 9.615713 0.069196
493 9.615586 0.069874
494 9.615493 0.069381
495 9.615805 0.069781
496 9.615493 0.069071
497 9.615713 0.069579
498 9.615621 0.069680
499 9.615805 0.069466
500 9.615586 0.069757
501 9.615586 0.068612
502 9.615805 0.069474
503 9.615805 0.069336
504 9.615713 0.069016
505 9.615805 0.068971
506 9.615713 0.069040
507 9.592054 0.070105
508 9.615621 0.069381
509 9.615528 0.069611
510 9.573108 0.069649
511 9.615713 0.069844
512 9.615621 0.069619
513 9.549633 0.069206
514 9.615805 0.069832
515 9.615805 0.068720
516 9.541130 0.069084
517 9.615621 0.069645
518 9.615621 0.069242
519 9.531611 0.069134
520 9.615528 0.069152
521 9.615805 0.069827
522 9.524125 0.069070
523 9.615528 0.069158
524 9.615805 0.068918
525 9.523478 0.069182
526 9.615713 0.069084
527 9.615713 0.069077
528 9.519689 0.069285
529 9.615713 0.068427
530 9.615713 0.069141
531 9.521595 0.068854
532 9.615805 0.069202
533 9.615528 0.069487
534 9.534072 0.069215
535 9.615713 0.069222
536 9.615805 0.069453
537 9.540299 0.068655
538 9.615493 0.069148
539 9.615621 0.069012
540 9.552683 0.069724
541 9.615621 0.069793
542 9.615621 0.069537
543 9.572553 0.068900
544 9.615713 0.069149
545 9.615713 0.069281
546 9.590760 0.069247
547 9.615621 0.068943
548 9.615805 0.068676
549 9.615805 0.069032
550 9.615528 0.069344
551 9.615713 0.069052
552 9.615713 0.068462
553 9.615713 0.068346
554 9.615528 0.069852
555 9.615805 0.068638
556 9.615713 0.068728
557 9.615805 0.068780
558 9.615713 0.068947
559 9.615805 0.069271
560 9.615621 0.068837
561 9.615621 0.069049
562 9.594826 0.068931
563 9.615805 0.068469
564 9.615621 0.069173
565 9.571259 0.069039
566 9.615805 0.068681
567 9.615528 0.068802
568 9.554531 0.068734
569 9.615713 0.068258
570 9.615713 0.068848
571 9.540853 0.069617
572 9.615621 0.069433
573 9.615713 0.069376
574 9.527602 0.068933
575 9.615713 0.068865
576 9.615621 0.069173
577 9.527822 0.068860
578 9.615805 0.069185
579 9.615805 0.068229
580 9.523536 0.068585
581 9.615713 0.068504
582 9.615805 0.068947
583 9.523386 0.069203
584 9.615713 0.068075
585 9.615713 0.068815
586 9.522554 0.068741
587 9.615713 0.069237
588 9.615621 0.068366
589 9.529670 0.068715
590 9.615621 0.068528
591 9.615713 0.069079
592 9.540853 0.068750
593 9.615805 0.068753
594 9.615805 0.068916
595 9.556010 0.068940
596 9.615805 0.068726
597 9.615621 0.068729
598 9.573292 0.068592
599 9.615805 0.068717
600 9.615621 0.068929
601 9.592793 0.068936
602 9.615713 0.068691
603 9.615713 0.069100
604 9.615805 0.068067
605 9.615805 0.068834
606 9.615713 0.068132
607 9.615805 0.069079
608 9.615493 0.068764
609 9.615713 0.069185
610 9.615586 0.068425
611 9.615586 0.068992
612 9.615621 0.068044
613 9.615805 0.068710
614 9.615805 0.069066
615 9.615621 0.068648
616 9.615713 0.068795
617 9.592146 0.069136
618 9.615621 0.067847
619 9.615713 0.069336
620 9.572553 0.068794
621 9.615805 0.067983
622 9.615528 0.069117
623 9.552406 0.068808
624 9.615805 0.068190
625 9.615805 0.068759
626 9.540299 0.068441
627 9.615621 0.068177
628 9.615805 0.068222
629 9.531519 0.069133
630 9.615713 0.068465
631 9.615805 0.068481
632 9.526436 0.068373
633 9.615713 0.068097
634 9.615621 0.068418
635 9.525142 0.068168
636 9.615621 0.068912
637 9.615621 0.068410
638 9.516639 0.068810
639 9.615805 0.068973
640 9.615713 0.068633
641 9.523571 0.068367
642 9.615805 0.068513
643 9.615493 0.068601
644 9.528989 0.068826
645 9.615713 0.068287
646 9.615713 0.067919
647 9.539097 0.068410
648 9.615621 0.068853
649 9.615713 0.068376
650 9.559614 0.068273
651 9.615713 0.068100
652 9.615805 0.068380
653 9.571721 0.068150
654 9.615528 0.068269
655 9.615805 0.069028
656 9.590945 0.068276
657 9.615621 0.068710
658 9.615621 0.068244
659 9.615713 0.068219
660 9.615713 0.069100
661 9.615401 0.068127
662 9.615621 0.068198
663 9.615621 0.068265
664 9.615713 0.068712
665 9.615713 0.068451
666 9.615805 0.068487
667 9.615528 0.068430
668 9.615621 0.068141
669 9.615713 0.068643
670 9.615713 0.067776
671 9.615528 0.068555
672 9.591314 0.067838
673 9.615436 0.068277
674 9.615713 0.068249
675 9.570115 0.068334
676 9.615713 0.068677
677 9.615621 0.068136
678 9.554346 0.067648
679 9.615805 0.068831
680 9.615713 0.068736
681 9.544330 0.068590
682 9.615621 0.067359
683 9.615436 0.068502
684 9.531242 0.068354
685 9.615805 0.068176
686 9.615713 0.067750
687 9.522150 0.068672
688 9.615713 0.067379
689 9.615713 0.068377
690 9.518950 0.068326
691 9.615713 0.067705
692 9.615805 0.068004
693 9.522739 0.068355
694 9.615528 0.067992
695 9.615805 0.068487
696 9.524587 0.068637
697 9.615805 0.068576
698 9.615713 0.068571
699 9.529393 0.067952
700 9.615713 0.068133
701 9.615805 0.067985
702 9.541777 0.067945
703 9.615621 0.067968
704 9.615805 0.068474
705 9.556010 0.067807
706 9.615713 0.068734
707 9.615621 0.068705
708 9.576250 0.068782
709 9.615805 0.067770
710 9.615713 0.067861
711 9.593625 0.067957
712 9.615713 0.067510
713 9.615621 0.068102
714 9.615713 0.068238
715 9.615713 0.068438
716 9.615805 0.067622
717 9.615713 0.067519
718 9.615713 0.067589
719 9.615713 0.067938
720 9.615805 0.068037
721 9.615713 0.068338
722 9.615713 0.067829
723 9.615713 0.067853
724 9.615713 0.068860
725 9.615805 0.067967
726 9.615436 0.067661
727 9.593810 0.067645
728 9.615528 0.068332
729 9.615805 0.067603
730 9.570335 0.067448
731 9.615805 0.067890
732 9.615621 0.067691
733 9.553018 0.067550
734 9.615621 0.068256
735 9.615805 0.068192
736 9.542332 0.067841
737 9.615621 0.068936
738 9.615713 0.067796
739 9.534291 0.068119
740 9.615621 0.067951
741 9.615621 0.067730
742 9.523109 0.068133
743 9.615805 0.067762
744 9.615621 0.067700
745 9.519227 0.067750
746 9.615805 0.067700
747 9.615586 0.067980
748 9.525234 0.068474
749 9.615713 0.068000
750 9.615805 0.068106
751 9.530317 0.068085
752 9.615713 0.067931
753 9.615713 0.067486
754 9.531888 0.067512
755 9.615805 0.067725
756 9.615713 0.068282
757 9.542517 0.067738
758 9.615621 0.067754
759 9.615805 0.068059
760 9.550742 0.067846
761 9.615805 0.067867
762 9.615713 0.067774
763 9.571536 0.068207
764 9.615805 0.067688
765 9.615621 0.067776
766 9.591002 0.067602
767 9.615586 0.067857
768 9.615586 0.067993
769 9.615805 0.067232
770 9.615713 0.067304
771 9.615713 0.067833
772 9.615713 0.067804
773 9.615805 0.068270
774 9.615621 0.067631
775 9.615713 0.067571
776 9.615805 0.067986
777 9.615713 0.067638
778 9.615401 0.067604
779 9.615713 0.067880
780 9.615713 0.067935
781 9.615436 0.068216
782 9.591776 0.067668
783 9.615621 0.067374
784 9.615805 0.068019
785 9.573662 0.067461
786 9.615805 0.067282
787 9.615621 0.067506
788 9.555733 0.067989
789 9.615621 0.067954
790 9.615805 0.068196
791 9.544920 0.067695
792 9.615528 0.067169
793 9.615713 0.068147
794 9.529543 0.067825
795 9.615713 0.067953
796 9.615713 0.067328
797 9.528746 0.067754
798 9.615713 0.067590
799 9.615805 0.067609
800 9.521075 0.067632
801 9.615805 0.067796
802 9.615805 0.067740
803 9.522554 0.067559
804 9.615805 0.067401
805 9.615713 0.066992
806 9.529208 0.067741
807 9.615713 0.067318
808 9.615805 0.067171
809 9.530225 0.067213
810 9.615621 0.067649
811 9.615805 0.067005
812 9.543071 0.068383
813 9.615621 0.067326
814 9.615621 0.067864
815 9.554866 0.067749
816 9.615713 0.067662
817 9.615621 0.067287
818 9.575695 0.067134
819 9.615805 0.067749
820 9.615528 0.067713
821 9.592423 0.067903
822 9.615805 0.066822
823 9.615805 0.067491
824 9.615621 0.067719
825 9.615713 0.067865
826 9.615713 0.068097
827 9.615621 0.068231
828 9.615621 0.067471
829 9.615528 0.067885
830 9.615805 0.067590
831 9.615621 0.066788
832 9.615621 0.067687
833 9.615713 0.067069
834 9.615805 0.067349
835 9.615805 0.067558
836 9.615528 0.067746
837 9.591869 0.067505
838 9.615805 0.067305
839 9.615713 0.067380
840 9.571999 0.066899
841 9.615805 0.067238
842 9.615805 0.067210
843 9.557304 0.067721
844 9.615805 0.067842
845 9.615713 0.067820
846 9.544735 0.067032
847 9.615621 0.067614
848 9.615805 0.067120
849 9.527637 0.068196
850 9.615805 0.066926
851 9.615713 0.067436
852 9.526805 0.066663
853 9.615713 0.067607
854 9.615805 0.067437
855 9.521907 0.067466
856 9.615713 0.067647
857 9.615586 0.067680
858 9.520983 0.067212
859 9.615528 0.067171
860 9.615805 0.067118
861 9.527267 0.067694
862 9.615805 0.067750
863 9.615805 0.067550
864 9.532905 0.067176
865 9.615805 0.067203
866 9.615528 0.067219
867 9.545289 0.067826
868 9.615713 0.067896
869 9.615493 0.067054
870 9.554439 0.067223
871 9.615805 0.066822
872 9.615621 0.067358
873 9.570150 0.068125
874 9.615805 0.067839
875 9.615621 0.067161
876 9.591407 0.067343
877 9.615713 0.067147
878 9.615805 0.067716
879 9.615621 0.067280
880 9.615528 0.067317
881 9.615621 0.067679
882 9.615713 0.067301
883 9.615713 0.067135
884 9.615713 0.067636
885 9.615713 0.067382
886 9.615805 0.066816
887 9.615713 0.066483
888 9.615805 0.067622
889 9.615805 0.067647
890 9.615528 0.067519
891 9.615621 0.067492
892 9.589651 0.066892
893 9.615493 0.067549
894 9.615805 0.067748
895 9.572553 0.067065
896 9.615621 0.066768
897 9.615713 0.066816
898 9.553884 0.066788
899 9.615805 0.067124
900 9.615621 0.067355
901 9.542147 0.067624
902 9.615713 0.066817
903 9.615621 0.067191
904 9.532073 0.067437
905 9.615805 0.067122
906 9.615493 0.067522
907 9.522184 0.066346
908 9.615621 0.066964
909 9.615713 0.067207
910 9.516916 0.067136
911 9.615713 0.067265
912 9.615805 0.067363
913 9.515438 0.067299
914 9.615713 0.067779
915 9.615621 0.066742
916 9.524368 0.067524
917 9.615713 0.067110
918 9.615713 0.067312
919 9.530225 0.067395
920 9.615621 0.067010
921 9.615713 0.067316
922 9.539282 0.067075
923 9.615713 0.066564
924 9.615805 0.066976
925 9.550650 0.067194
926 9.615493 0.067587
927 9.615436 0.067594
928 9.574494 0.066780
929 9.615805 0.067075
930 9.615805 0.066606
931 9.594087 0.067358
932 9.615713 0.066753
933 9.615713 0.066752
934 9.615805 0.067022
935 9.615621 0.066659
936 9.615805 0.066882
937 9.615805 0.066593
938 9.615713 0.067096
939 9.615713 0.066859
940 9.615528 0.066921
941 9.615713 0.067790
942 9.615308 0.067298
943 9.615713 0.067542
944 9.615713 0.067599
945 9.615621 0.067282
946 9.615805 0.067266
947 9.591776 0.067098
948 9.615805 0.067059
949 9.615621 0.068103
950 9.571074 0.066738
951 9.615621 0.067232
952 9.615805 0.067489
953 9.552036 0.066835
954 9.615805 0.067175
955 9.615713 0.067199
956 9.541558 0.067109
957 9.615805 0.066929
958 9.615713 0.067095
959 9.534661 0.067312
960 9.615713 0.066804
961 9.615528 0.067054
962 9.525327 0.066839
963 9.615805 0.066721
964 9.615713 0.067186
965 9.518395 0.067349
966 9.615713 0.067024
967 9.615713 0.067217
968 9.522369 0.066428
969 9.615621 0.067188
970 9.615805 0.067256
971 9.523386 0.067214
972 9.615713 0.066647
973 9.615713 0.066575
974 9.529023 0.067429
975 9.615586 0.066704
976 9.615805 0.067294
977 9.539559 0.066739
978 9.615528 0.067199
979 9.615713 0.066962
980 9.555883 0.066460
981 9.615713 0.067145
982 9.615805 0.066955
983 9.571317 0.067466
984 9.615805 0.066960
985 9.615713 0.066905
986 9.590390 0.066828
987 9.615713 0.066705
988 9.615805 0.066164
989 9.615621 0.066807
990 9.615713 0.066726
991 9.615713 0.067325
992 9.615621 0.066703
993 9.615713 0.067134
994 9.615713 0.067200
995 9.615621 0.067436
996 9.615805 0.066554
997 9.615713 0.066792
998 9.615621 0.066714
999 9.615586 0.066106
1000 9.615805 0.067186
1001 9.615805 0.067196
1002 9.592331 0.066876
1003 9.615713 0.066788
1004 9.615528 0.066619
1005 9.569318 0.067190
1006 9.615621 0.067249
1007 9.615621 0.067227
1008 9.553977 0.066487
1009 9.615713 0.067153
1010 9.615713 0.066381
1011 9.544920 0.066321
1012 9.615713 0.067538
1013 9.615493 0.066976
1014 9.532997 0.066526
1015 9.615713 0.066272
1016 9.615805 0.066847
1017 9.523478 0.066726
1018 9.615528 0.066435
1019 9.615621 0.066700
1020 9.522554 0.066358
1021 9.615713 0.066693
1022 9.615586 0.066379
1023 9.520798 0.066722
1024 9.615805 0.065886
1025 9.615713 0.066088
1026 9.526898 0.066477
1027 9.615713 0.066948
1028 9.615713 0.066835
1029 9.534661 0.067157
1030 9.615713 0.066651
1031 9.615805 0.067096
1032 9.540668 0.066980
1033 9.615713 0.066811
1034 9.615805 0.066959
1035 9.552313 0.067453
1036 9.615713 0.067493
1037 9.615621 0.066653
1038 9.573570 0.066753
1039 9.615805 0.066482
1040 9.615528 0.065915
1041 9.592701 0.066884
1042 9.615713 0.065711
1043 9.615805 0.067624
1044 9.615528 0.067126
1045 9.615621 0.066774
1046 9.615805 0.066812
1047 9.615805 0.066914
1048 9.615713 0.067171
1049 9.615621 0.066438
1050 9.615713 0.066741
1051 9.615621 0.066572
1052 9.615713 0.066371
1053 9.615805 0.066796
1054 9.615528 0.067118
1055 9.615713 0.066924
1056 9.615805 0.066467
1057 9.594179 0.066719
1058 9.615621 0.067154
1059 9.615586 0.066304
1060 9.572980 0.066268
1061 9.615621 0.067086
1062 9.615621 0.066520
1063 9.557674 0.066453
1064 9.615713 0.066763
1065 9.615528 0.066782
1066 9.540668 0.066387
1067 9.615528 0.066973
1068 9.615805 0.067203
1069 9.529763 0.066879
1070 9.615621 0.066490
1071 9.615713 0.066094
1072 9.526898 0.066406
1073 9.615805 0.067294
1074 9.615805 0.066134
1075 9.520983 0.066585
1076 9.615805 0.066336
1077 9.615713 0.066519
1078 9.523016 0.066772
1079 9.615713 0.066627
1080 9.615805 0.066660
1081 9.529023 0.066694
1082 9.615805 0.065967
1083 9.615713 0.066641
1084 9.534476 0.067130
1085 9.615713 0.067144
1086 9.615713 0.066726
1087 9.540021 0.066258
1088 9.615805 0.067384
1089 9.615621 0.066309
1090 9.556472 0.066542
1091 9.615805 0.066541
1092 9.615621 0.066929
1093 9.571074 0.066451
1094 9.615621 0.066985
1095 9.615621 0.066476
1096 9.591499 0.066478
1097 9.615805 0.066270
1098 9.615713 0.066168
1099 9.615805 0.067049
1100 9.615621 0.066501
1101 9.615805 0.066434
1102 9.615713 0.066659
1103 9.615805 0.066529
1104 9.615528 0.066257
1105 9.615805 0.066172
1106 9.615805 0.066012
1107 9.615713 0.066355
1108 9.615621 0.066260
1109 9.615713 0.066696
1110 9.615805 0.066599
1111 9.615621 0.066417
1112 9.592331 0.066203
1113 9.615713 0.066481
1114 9.615621 0.065547
1115 9.572183 0.067138
1116 9.615713 0.066678
1117 9.615805 0.066724
1118 9.556934 0.066630
1119 9.615805 0.066171
1120 9.615713 0.066274
1121 9.540391 0.066836
1122 9.615713 0.067262
1123 9.615713 0.066710
1124 9.533182 0.066126
1125 9.615621 0.067211
1126 9.615805 0.066429
1127 9.523478 0.065922
1128 9.615713 0.066203
1129 9.615621 0.066562
1130 9.521722 0.066234
1131 9.615713 0.067006
1132 9.615713 0.066948
1133 9.522739 0.066611
1134 9.615621 0.066620
1135 9.615713 0.066078
1136 9.525604 0.066571
1137 9.615805 0.066417
1138 9.615805 0.066051
1139 9.526621 0.065862
1140 9.615528 0.066525
1141 9.615621 0.066307
1142 9.543129 0.066417
1143 9.615805 0.066859
1144 9.615805 0.066404
1145 9.554439 0.066092
1146 9.615805 0.066062
1147 9.615621 0.066637
1148 9.571721 0.067034
1149 9.615621 0.066189
1150 9.615713 0.066277
1151 9.590390 0.066609
1152 9.615713 0.066198
1153 9.615586 0.066037
1154 9.615713 0.066951
1155 9.615805 0.066219
1156 9.615713 0.067067
1157 9.615713 0.065668
1158 9.615436 0.066627
1159 9.615713 0.065986
1160 9.615713 0.066618
1161 9.615621 0.066202
1162 9.615621 0.066814
1163 9.615713 0.066627
1164 9.615805 0.066033
1165 9.615713 0.066301
1166 9.615713 0.066250
1167 9.590483 0.065882
1168 9.615713 0.066430
1169 9.615713 0.066395
1170 9.575418 0.066664
1171 9.615805 0.066142
1172 9.615436 0.066158
1173 9.553053 0.066210
1174 9.615805 0.066396
1175 9.615528 0.066600
1176 9.542794 0.066809
1177 9.615713 0.066209
1178 9.615713 0.065821
1179 9.532685 0.065864
1180 9.615805 0.066462
1181 9.615621 0.066594
1182 9.524402 0.066761
1183 9.615713 0.066198
1184 9.615713 0.066143
1185 9.520151 0.065760
1186 9.615805 0.066404
1187 9.615805 0.065351
1188 9.524865 0.066841
1189 9.615621 0.066053
1190 9.615621 0.066274
1191 9.525477 0.066232
1192 9.615805 0.066105
1193 9.615713 0.066211
1194 9.530964 0.066098
1195 9.615713 0.066049
1196 9.615713 0.066294
1197 9.539005 0.066590
1198 9.615713 0.066431
1199 9.615528 0.066247
1200 9.556934 0.065693
1201 9.615713 0.066708
1202 9.615713 0.066258
1203 9.572368 0.066366
1204 9.615713 0.066129
1205 9.615713 0.065959
1206 9.590945 0.066229
1207 9.615621 0.066550
1208 9.615586 0.067085
1209 9.615621 0.066556
1210 9.615621 0.066144
1211 9.615713 0.066050
1212 9.615621 0.066591
1213 9.615805 0.066442
1214 9.615621 0.066517
1215 9.615713 0.066518
1216 9.615528 0.066308
1217 9.615805 0.066436
1218 9.615713 0.066003
1219 9.615621 0.065917
1220 9.615713 0.066080
1221 9.615621 0.065882
1222 9.593717 0.065963
1223 9.615805 0.065520
1224 9.615621 0.066085
1225 9.569965 0.065675
1226 9.615621 0.066050
1227 9.615713 0.066240
1228 9.553203 0.066971
1229 9.615713 0.065643
1230 9.615713 0.066077
1231 9.540668 0.066213
1232 9.615621 0.066384
1233 9.615713 0.065963
1234 9.531149 0.065670
1235 9.615621 0.066355
1236 9.615713 0.065895
1237 9.522150 0.066319
1238 9.615713 0.066462
1239 9.615805 0.065707
1240 9.523201 0.066244
1241 9.615713 0.066345
1242 9.615621 0.066462
1243 9.524402 0.066655
1244 9.615805 0.065930
1245 9.615805 0.065362
1246 9.521907 0.065949
1247 9.615713 0.065748
1248 9.615805 0.065818
1249 9.534107 0.066599
1250 9.615621 0.066484
1251 9.615436 0.066980
1252 9.546491 0.065211
1253 9.615621 0.065354
1254 9.615713 0.065643
1255 9.556749 0.066460
1256 9.615805 0.065869
1257 9.615621 0.066550
1258 9.573442 0.066156
1259 9.615713 0.065982
1260 9.615586 0.066317
1261 9.593717 0.065824
1262 9.615713 0.065788
1263 9.615436 0.066854
1264 9.615713 0.065850
1265 9.615805 0.066044
1266 9.615528 0.066328
1267 9.615713 0.066323
1268 9.615713 0.066005
1269 9.615805 0.066524
1270 9.615713 0.065943
1271 9.615621 0.065870
1272 9.615621 0.065890
1273 9.615713 0.066026
1274 9.615805 0.065669
1275 9.615621 0.065651
1276 9.615713 0.065584
1277 9.591222 0.065815
1278 9.615805 0.066513
1279 9.615713 0.066793
1280 9.570705 0.065623
1281 9.615805 0.065563
1282 9.615713 0.065940
1283 9.554162 0.065834
1284 9.615621 0.066287
1285 9.615713 0.066002
1286 9.544607 0.066426
1287 9.615713 0.066492
1288 9.615713 0.066434
1289 9.530595 0.066093
1290 9.615528 0.065886
1291 9.615805 0.065974
1292 9.522831 0.065901
1293 9.615805 0.065633
1294 9.615713 0.065873
1295 9.519504 0.065797
1296 9.615621 0.066339
1297 9.615805 0.065538
1298 9.524680 0.066165
1299 9.615586 0.066319
1300 9.615805 0.065749
1301 9.524183 0.065349
1302 9.615493 0.065868
1303 9.615805 0.065403
1304 9.529208 0.066148
1305 9.615805 0.066393
1306 9.615621 0.065773
1307 9.540853 0.066174
1308 9.615713 0.066350
1309 9.615805 0.065823
1310 9.553330 0.065310
1311 9.615805 0.065782
1312 9.615621 0.065587
1313 9.572241 0.065866
1314 9.615713 0.065920
1315 9.615713 0.065716
1316 9.590298 0.066318
1317 9.615713 0.065833
1318 9.615805 0.066080
1319 9.615805 0.066311
1320 9.615713 0.065901
1321 9.615805 0.066084
1322 9.615713 0.065964
1323 9.615805 0.065430
1324 9.615713 0.066721
1325 9.615805 0.066150
1326 9.615713 0.065302
1327 9.615621 0.065702
1328 9.615621 0.065572
1329 9.615713 0.066010
1330 9.615713 0.065803
1331 9.615401 0.066070
1332 9.593255 0.066214
1333 9.615621 0.066081
1334 9.615621 0.066320
1335 9.568209 0.065891
1336 9.615713 0.066687
1337 9.615805 0.065669
1338 9.552406 0.066082
1339 9.615621 0.065676
1340 9.615621 0.066617
1341 9.544550 0.066234
1342 9.615805 0.065923
1343 9.615805 0.066147
1344 9.530410 0.066385
1345 9.615713 0.065926
1346 9.615621 0.065506
1347 9.523109 0.065499
1348 9.615713 0.065887
1349 9.615713 0.065830
1350 9.521168 0.066005
1351 9.615621 0.066268
1352 9.615528 0.066316
1353 9.521595 0.065556
1354 9.615805 0.065765
1355 9.615621 0.065867
1356 9.524552 0.065599
1357 9.615713 0.065721
1358 9.615805 0.066130
1359 9.532535 0.065748
1360 9.615805 0.065144
1361 9.615805 0.065852
1362 9.542424 0.065575
1363 9.615621 0.065358
1364 9.615621 0.065881
1365 9.553422 0.065742
1366 9.615805 0.065739
1367 9.615713 0.065911
1368 9.573477 0.065996
1369 9.615805 0.065782
1370 9.615805 0.065888
1371 9.593348 0.065776
1372 9.615621 0.065597
1373 9.615621 0.065918
1374 9.615713 0.066128
1375 9.615621 0.065517
1376 9.615805 0.065759
1377 9.615713 0.065656
1378 9.615805 0.066093
1379 9.615528 0.065506
1380 9.615805 0.065188
1381 9.615713 0.065550
1382 9.615528 0.066017
1383 9.615713 0.065988
1384 9.615713 0.066115
1385 9.615713 0.066848
1386 9.615713 0.065848
1387 9.589466 0.065252
1388 9.615713 0.066483
1389 9.615621 0.065721
1390 9.570150 0.065542
1391 9.615713 0.066107
1392 9.615805 0.065572
1393 9.557304 0.065849
1394 9.615805 0.065624
1395 9.615713 0.065942
1396 9.536787 0.065464
1397 9.615493 0.066270
1398 9.615713 0.065797
1399 9.531149 0.065258
1400 9.615805 0.066202
1401 9.615493 0.065361
1402 9.524957 0.065702
1403 9.615805 0.066118
1404 9.615713 0.065378
1405 9.525974 0.065158
1406 9.615713 0.065642
1407 9.615713 0.065399
1408 9.524125 0.065616
1409 9.615621 0.065784
1410 9.615713 0.065311
1411 9.523756 0.065813
1412 9.615805 0.065611
1413 9.615621 0.065669
1414 9.532628 0.065269
1415 9.615713 0.065609
1416 9.615713 0.065973
1417 9.541500 0.065279
1418 9.615621 0.066412
1419 9.615713 0.065576
1420 9.556749 0.065210
1421 9.615805 0.065953
1422 9.615713 0.065191
1423 9.571999 0.065847
1424 9.615713 0.066335
1425 9.615401 0.066026
1426 9.594641 0.065279
1427 9.615713 0.065290
1428 9.615493 0.065507
1429 9.615493 0.065099
1430 9.615713 0.065425
1431 9.615713 0.065953
1432 9.615621 0.065186
1433 9.615805 0.065421
1434 9.615805 0.066064
1435 9.615586 0.065943
1436 9.615805 0.065574
1437 9.615621 0.065677
1438 9.615586 0.065721
1439 9.615308 0.065519
1440 9.615621 0.065073
1441 9.615713 0.066309
1442 9.591372 0.065923
1443 9.615586 0.065762
1444 9.615621 0.065576
1445 9.571906 0.065855
1446 9.615621 0.066041
1447 9.615401 0.065166
1448 9.556195 0.065740
1449 9.615713 0.065196
1450 9.615713 0.065412
1451 9.543903 0.065560
1452 9.615805 0.065622
1453 9.615713 0.065634
1454 9.531334 0.065893
1455 9.615805 0.065198
1456 9.615713 0.065171
1457 9.526528 0.065478
1458 9.615713 0.065447
1459 9.615621 0.065910
1460 9.523571 0.065800
1461 9.615528 0.065580
1462 9.615528 0.065441
1463 9.520521 0.065486
1464 9.615805 0.065315
1465 9.615621 0.065530
1466 9.525512 0.065553
1467 9.615805 0.065522
1468 9.615586 0.065602
1469 9.529670 0.065232
1470 9.615621 0.064815
1471 9.615621 0.064928
1472 9.541870 0.065786
1473 9.615805 0.066120
1474 9.615805 0.065497
1475 9.557304 0.065761
1476 9.615805 0.065542
1477 9.615805 0.065867
1478 9.573662 0.065837
1479 9.615528 0.065663
1480 9.615713 0.065136
1481 9.594457 0.065079
1482 9.615713 0.065971
1483 9.615713 0.065354
1484 9.615528 0.065546
1485 9.615713 0.064796
1486 9.615621 0.066088
1487 9.615805 0.065086
1488 9.615621 0.065658
1489 9.615621 0.065822
1490 9.615805 0.065507
1491 9.615713 0.065487
1492 9.615805 0.065557
1493 9.615713 0.065144
1494 9.615713 0.065517
1495 9.615528 0.065573
1496 9.615805 0.065100
1497 9.589928 0.065807
1498 9.615621 0.065101
1499 9.615805 0.065928
1500 9.573847 0.065673
1501 9.615713 0.065598
1502 9.615713 0.065117
1503 9.553422 0.065717
1504 9.615805 0.065311
1505 9.615621 0.065541
1506 9.543533 0.065788
1507 9.615713 0.065323
1508 9.615401 0.065696
1509 9.534384 0.065769
1510 9.615713 0.065074
1511 9.615713 0.065765
1512 9.519874 0.065722
1513 9.615621 0.065288
1514 9.615621 0.065610
1515 9.520428 0.065431
1516 9.615586 0.065186
1517 9.615713 0.065482
1518 9.523443 0.065124
1519 9.615621 0.065623
1520 9.615621 0.066034
1521 9.525974 0.065369
1522 9.615621 0.065166
1523 9.615805 0.065451
1524 9.529578 0.066002
1525 9.615493 0.065945
1526 9.615621 0.065149
1527 9.546953 0.065748
1528 9.615713 0.065469
1529 9.615713 0.065864
1530 9.554439 0.064992
1531 9.615621 0.065104
1532 9.615805 0.065729
1533 9.574771 0.065865
1534 9.615621 0.065737
1535 9.615805 0.065358
1536 9.592146 0.065095
1537 9.615713 0.065411
1538 9.615713 0.065187
1539 9.615713 0.065323
1540 9.615805 0.066182
1541 9.615713 0.065265
1542 9.615621 0.065283
1543 9.615713 0.065708
1544 9.615713 0.064935
1545 9.615805 0.065648
1546 9.615805 0.065354
1547 9.615621 0.065927
1548 9.615713 0.065246
1549 9.615493 0.065220
1550 9.615713 0.065820
1551 9.615713 0.065023
1552 9.590575 0.065386
1553 9.615621 0.064980
1554 9.615805 0.066144
1555 9.571999 0.065108
1556 9.615713 0.065686
1557 9.615805 0.065790
1558 9.553515 0.065180
1559 9.615621 0.064655
1560 9.615528 0.065619
1561 9.544735 0.065702
1562 9.615528 0.065866
1563 9.615713 0.065393
1564 9.530964 0.065486
1565 9.615621 0.065706
1566 9.615621 0.064859
1567 9.525512 0.065696
1568 9.615713 0.064883
1569 9.615621 0.065450
1570 9.523201 0.065311
1571 9.615621 0.065311
1572 9.615713 0.065241
1573 9.523478 0.065674
1574 9.615436 0.066252
1575 9.615713 0.064937
1576 9.525604 0.065106
1577 9.615713 0.065974
1578 9.615805 0.066194
1579 9.529566 0.064909
1580 9.615805 0.065404
1581 9.615805 0.066096
1582 9.541315 0.064562
1583 9.615805 0.066004
1584 9.615805 0.065233
1585 9.557119 0.065118
1586 9.615805 0.065276
1587 9.615586 0.064584
1588 9.574494 0.065281
1589 9.615713 0.065427
1590 9.615713 0.065029
1591 9.590667 0.065273
1592 9.615436 0.065936
1593 9.615621 0.065279
1594 9.615401 0.065401
1595 9.615274 0.064971
1596 9.615805 0.064869
1597 9.615713 0.065111
1598 9.615621 0.065786
1599 9.615713 0.065324
1600 9.615713 0.064653
1601 9.615621 0.065189
1602 9.615621 0.065242
1603 9.615621 0.065330
1604 9.615805 0.065550
1605 9.615805 0.064766
1606 9.615436 0.065495
1607 9.592978 0.065304
1608 9.615493 0.064241
1609 9.615805 0.065192
1610 9.569411 0.065475
1611 9.615713 0.065583
1612 9.615713 0.065497
1613 9.556842 0.064814
1614 9.615621 0.064987
1615 9.615805 0.064881
1616 9.539190 0.066028
1617 9.615493 0.065406
1618 9.615621 0.065290
1619 9.532720 0.065723
1620 9.615713 0.065449
1621 9.615621 0.065576
1622 9.526898 0.064880
1623 9.615713 0.065142
1624 9.615805 0.064576
1625 9.523293 0.065420
1626 9.615713 0.065357
1627 9.615621 0.064875
1628 9.521318 0.065224
1629 9.615621 0.065322
1630 9.615713 0.065404
1631 9.524310 0.065474
1632 9.615713 0.065394
1633 9.615621 0.065515
1634 9.532166 0.065370
1635 9.615713 0.064968
1636 9.615493 0.065781
1637 9.542979 0.064965
1638 9.615713 0.064826
1639 9.615713 0.065718
1640 9.554993 0.065484
1641 9.615805 0.064959
1642 9.615621 0.065617
1643 9.573662 0.065311
1644 9.615713 0.064872
1645 9.615805 0.065614
1646 9.591129 0.065767
1647 9.615621 0.065463
1648 9.615713 0.065044
1649 9.615713 0.065747
1650 9.615713 0.065416
1651 9.615528 0.065062
1652 9.615805 0.065034
1653 9.615713 0.065282
1654 9.615805 0.064774
1655 9.615621 0.064879
1656 9.615528 0.065009
1657 9.615528 0.065748
1658 9.615713 0.065472
1659 9.615713 0.065048
1660 9.615621 0.064823
1661 9.615528 0.065421
1662 9.592666 0.065285
1663 9.615713 0.064725
1664 9.615713 0.064831
1665 9.574679 0.065049
1666 9.615713 0.065220
1667 9.615805 0.064689
1668 9.555178 0.065404
1669 9.615621 0.065392
1670 9.615713 0.065596
1671 9.543256 0.065051
1672 9.615621 0.064678
1673 9.615805 0.065136
1674 9.532905 0.064727
1675 9.615528 0.064957
1676 9.615713 0.064887
1677 9.522184 0.065585
1678 9.615621 0.065049
1679 9.615713 0.065123
1680 9.516916 0.064828
1681 9.615713 0.064953
1682 9.615621 0.065063
1683 9.522831 0.065299
1684 9.615621 0.064718
1685 9.615713 0.065357
1686 9.526713 0.064873
1687 9.615713 0.065276
1688 9.615621 0.065352
1689 9.534072 0.065220
1690 9.615713 0.065336
1691 9.615713 0.065455
1692 9.540299 0.065375
1693 9.615805 0.065282
1694 9.615621 0.065349
1695 9.557396 0.065445
1696 9.615713 0.065370
1697 9.615713 0.065276
1698 9.571964 0.064941
1699 9.615713 0.065950
1700 9.615805 0.065303
1701 9.590945 0.064647
1702 9.615805 0.065178
1703 9.615713 0.064646
1704 9.615586 0.065260
1705 9.615805 0.065242
1706 9.615713 0.064712
1707 9.615805 0.065024
1708 9.615713 0.065152
1709 9.615713 0.065320
1710 9.615713 0.064832
1711 9.615805 0.064954
1712 9.615713 0.065172
1713 9.615713 0.064851
1714 9.615805 0.065022
1715 9.615713 0.064677
1716 9.615586 0.065478
1717 9.591776 0.065333
1718 9.615805 0.065062
1719 9.615713 0.065326
1720 9.574124 0.065238
1721 9.615805 0.065336
1722 9.615586 0.064817
1723 9.553330 0.064862
1724 9.615528 0.065119
1725 9.615713 0.065622
1726 9.542517 0.064482
1727 9.615713 0.064982
1728 9.615805 0.065482
1729 9.531149 0.065306
1730 9.615805 0.064251
1731 9.615493 0.065249
1732 9.521722 0.064826
1733 9.615713 0.064579
1734 9.615713 0.065083
1735 9.522462 0.065366
1736 9.615713 0.065797
1737 9.615713 0.064564
1738 9.519874 0.064952
1739 9.615436 0.065063
1740 9.615713 0.065613
1741 9.528746 0.064917
1742 9.615713 0.065089
1743 9.615621 0.065113
1744 9.532408 0.065021
1745 9.615713 0.064742
1746 9.615805 0.064931
1747 9.543441 0.064838
1748 9.615713 0.065101
1749 9.615586 0.065144
1750 9.554809 0.065140
1751 9.615805 0.064881
1752 9.615805 0.064149
1753 9.572795 0.065945
1754 9.615805 0.065190
1755 9.615805 0.064586
1756 9.591499 0.065748
1757 9.615713 0.065239
1758 9.615713 0.065536
1759 9.615528 0.064945
1760 9.615586 0.064842
1761 9.615621 0.065194
1762 9.615805 0.065416
1763 9.615805 0.065488
1764 9.615621 0.064147
1765 9.615713 0.064577
1766 9.615713 0.065252
1767 9.615713 0.065159
1768 9.615713 0.065256
1769 9.615713 0.064761
1770 9.615805 0.064796
1771 9.615621 0.065390
1772 9.593902 0.065382
1773 9.615621 0.064943
1774 9.615621 0.064974
1775 9.573662 0.064584
1776 9.615713 0.065271
1777 9.615621 0.065784
1778 9.555086 0.064575
1779 9.615621 0.065467
1780 9.615805 0.064898
1781 9.540391 0.065678
1782 9.615805 0.064582
1783 9.615586 0.064823
1784 9.536787 0.064905
1785 9.615713 0.064759
1786 9.615621 0.065323
1787 9.528064 0.065242
1788 9.615713 0.065084
1789 9.615805 0.064746
1790 9.523571 0.065422
1791 9.615805 0.064872
1792 9.615621 0.064888
1793 9.523016 0.065351
1794 9.615805 0.065122
1795 9.615713 0.065074
1796 9.525696 0.063998
1797 9.615713 0.064739
1798 9.615713 0.064651
1799 9.532351 0.064340
1800 9.615713 0.064203
1801 9.615805 0.064895
1802 9.543256 0.065270
1803 9.615713 0.064488
1804 9.615805 0.064452
1805 9.552001 0.065580
1806 9.615621 0.064747
1807 9.615713 0.064867
1808 9.571871 0.065056
1809 9.615713 0.065095
1810 9.615805 0.064975
1811 9.593070 0.065168
1812 9.615713 0.064681
1813 9.615713 0.065266
1814 9.615528 0.064994
1815 9.615805 0.065206
1816 9.615621 0.064685
1817 9.615713 0.064924
1818 9.615401 0.065259
1819 9.615805 0.065129
1820 9.615713 0.064358
1821 9.615713 0.065054
1822 9.615713 0.064977
1823 9.615805 0.064974
1824 9.615621 0.064364
1825 9.615713 0.064513
1826 9.615621 0.065520
1827 9.590298 0.064728
1828 9.615805 0.065145
1829 9.615805 0.064997
1830 9.572888 0.064569
1831 9.615713 0.064794
1832 9.615805 0.065043
1833 9.554716 0.064691
1834 9.615586 0.065075
1835 9.615493 0.065393
1836 9.541315 0.065320
1837 9.615805 0.065298
1838 9.615713 0.065082
1839 9.530502 0.064608
1840 9.615805 0.065225
1841 9.615805 0.064922
1842 9.526158 0.064995
1843 9.615621 0.065251
1844 9.615713 0.065298
1845 9.522184 0.064932
1846 9.615805 0.064970
1847 9.615621 0.064243
1848 9.520151 0.064305
1849 9.615713 0.065056
1850 9.615805 0.064335
1851 9.522092 0.064689
1852 9.615528 0.064620
1853 9.615805 0.064856
1854 9.531057 0.065258
1855 9.615493 0.064380
1856 9.615621 0.064391
1857 9.543256 0.064427
1858 9.615713 0.065244
1859 9.615805 0.064423
1860 9.552590 0.064108
1861 9.615401 0.065173
1862 9.615621 0.064789
1863 9.568729 0.064423
1864 9.615713 0.064709
1865 9.615805 0.064832
1866 9.592238 0.065229
1867 9.615621 0.064571
1868 9.615805 0.065206
1869 9.615401 0.064541
1870 9.615713 0.064973
1871 9.615805 0.064735
1872 9.615713 0.064936
1873 9.615713 0.065370
1874 9.615805 0.064854
1875 9.615586 0.065135
1876 9.615805 0.064658
1877 9.615805 0.065224
1878 9.615436 0.065112
1879 9.615805 0.064837
1880 9.615713 0.065511
1881 9.615621 0.065049
1882 9.591499 0.064579
1883 9.615805 0.064510
1884 9.615621 0.065153
1885 9.575695 0.064894
1886 9.615805 0.064718
1887 9.615713 0.064340
1888 9.553792 0.064612
1889 9.615713 0.065481
1890 9.615713 0.065669
1891 9.542332 0.064073
1892 9.615713 0.064385
1893 9.615621 0.064631
1894 9.533552 0.065486
1895 9.615713 0.064788
1896 9.615805 0.064814
1897 9.522831 0.064315
1898 9.615805 0.064719
1899 9.615713 0.064397
1900 9.522646 0.064635
1901 9.615586 0.065585
1902 9.615713 0.064514
1903 9.525234 0.064938
1904 9.615805 0.064786
1905 9.615713 0.064836
1906 9.525327 0.064881
1907 9.615621 0.064623
1908 9.615805 0.064598
1909 9.529670 0.064825
1910 9.615436 0.065185
1911 9.615401 0.064602
1912 9.540483 0.063944
1913 9.615713 0.065483
1914 9.615621 0.065462
1915 9.557489 0.064249
1916 9.615713 0.065116
1917 9.615805 0.064032
1918 9.572183 0.064790
1919 9.615713 0.065368
1920 9.615805 0.065447
1921 9.594641 0.065302
1922 9.615621 0.065271
1923 9.615805 0.064461
1924 9.615621 0.064417
1925 9.615805 0.064585
1926 9.615713 0.065024
1927 9.615713 0.064128
1928 9.615586 0.064964
1929 9.615528 0.064791
1930 9.615713 0.064450
1931 9.615713 0.064284
1932 9.615713 0.065139
1933 9.615713 0.064009
1934 9.615713 0.064999
1935 9.615621 0.065028
1936 9.615805 0.064981
1937 9.590298 0.064604
1938 9.615713 0.064089
1939 9.615713 0.065246
1940 9.571352 0.064778
1941 9.615805 0.065090
1942 9.615621 0.064558
1943 9.557858 0.064332
1944 9.615713 0.064496
1945 9.615713 0.065026
1946 9.540576 0.064586
1947 9.615805 0.064389
1948 9.615713 0.065722
1949 9.529451 0.064616
1950 9.615528 0.064747
1951 9.615621 0.064754
1952 9.519504 0.064521
1953 9.615436 0.064021
1954 9.615805 0.064908
1955 9.526066 0.065088
1956 9.615713 0.064158
1957 9.615805 0.064753
1958 9.525569 0.064627
1959 9.615621 0.064841
1960 9.615805 0.064530
1961 9.525974 0.064712
1962 9.615436 0.065161
1963 9.615805 0.064948
1964 9.532166 0.064447
1965 9.615713 0.064975
1966 9.615621 0.064521
1967 9.544458 0.065003
1968 9.615621 0.064795
1969 9.615621 0.063676
1970 9.556530 0.064376
1971 9.615621 0.065008
1972 9.615528 0.064450
1973 9.573570 0.064682
1974 9.615713 0.064703
1975 9.615713 0.065151
1976 9.594364 0.065021
1977 9.615805 0.064200
1978 9.615621 0.064382
1979 9.615805 0.065255
1980 9.615805 0.064357
1981 9.615713 0.064908
1982 9.615713 0.065080
1983 9.615621 0.064602
1984 9.615621 0.064621
1985 9.615805 0.064681
1986 9.615713 0.064665
1987 9.615805 0.064154
1988 9.615621 0.064126
1989 9.615586 0.064559
1990 9.615713 0.064734
1991 9.615621 0.064648
1992 9.593163 0.064650
1993 9.615621 0.064626
1994 9.615343 0.064504
1995 9.573292 0.064831
1996 9.615528 0.064540
1997 9.615805 0.064884
1998 9.557489 0.065265
1999 9.615713 0.064845
2000 9.615528 0.064573
2001 9.538912 0.064966
2002 9.615805 0.064280
2003 9.615713 0.064904
2004 9.531149 0.065203
2005 9.615621 0.064555
2006 9.615621 0.064647
2007 9.525419 0.064725
2008 9.615621 0.065056
2009 9.615586 0.064633
2010 9.520521 0.064797
2011 9.615621 0.064220
2012 9.615805 0.064587
2013 9.520856 0.064555
2014 9.615713 0.064149
2015 9.615713 0.064571
2016 9.526621 0.065321
2017 9.615713 0.065064
2018 9.615436 0.064782
2019 9.532997 0.064655
2020 9.615805 0.063820
2021 9.615401 0.065340
2022 9.539374 0.064966
2023 9.615713 0.064263
2024 9.615713 0.064072
2025 9.558136 0.064093
2026 9.615713 0.064237
2027 9.615528 0.064693
2028 9.573292 0.064238
2029 9.615805 0.065013
2030 9.615713 0.065166
2031 9.593163 0.064704
2032 9.615805 0.064784
2033 9.615621 0.064904
2034 9.615493 0.064112
2035 9.615713 0.064187
2036 9.615805 0.064176
2037 9.615528 0.064481
2038 9.615586 0.064402
2039 9.615528 0.064620
2040 9.615805 0.064494
2041 9.615713 0.064200
2042 9.615805 0.064489
2043 9.615621 0.064703
2044 9.615805 0.064632
2045 9.615528 0.064590
2046 9.615713 0.064283
2047 9.592608 0.064484
2048 9.615713 0.064249
2049 9.615528 0.064494
2050 9.570520 0.064847
2051 9.615436 0.064085
2052 9.615713 0.065243
2053 9.555513 0.064386
2054 9.615805 0.064198
2055 9.615713 0.064786
2056 9.540946 0.064233
2057 9.615493 0.064518
2058 9.615621 0.064305
2059 9.533610 0.065183
2060 9.615805 0.063916
2061 9.615621 0.064526
2062 9.523201 0.065103
2063 9.615621 0.064643
2064 9.615528 0.064483
2065 9.522277 0.064736
2066 9.615713 0.065042
2067 9.615621 0.064149
2068 9.518765 0.064242
2069 9.615621 0.064318
2070 9.615621 0.064926
2071 9.529763 0.064544
2072 9.615713 0.064179
2073 9.615713 0.063948
2074 9.533367 0.064540
2075 9.615713 0.064093
2076 9.615805 0.064659
2077 9.540299 0.064621
2078 9.615713 0.064224
2079 9.615713 0.064460
2080 9.556287 0.064357
2081 9.615805 0.064171
2082 9.615713 0.064339
2083 9.571259 0.064176
2084 9.615805 0.064381
2085 9.615621 0.064813
2086 9.593440 0.063811
2087 9.615713 0.064869
2088 9.615713 0.064937
2089 9.615805 0.064581
2090 9.615436 0.064445
2091 9.615528 0.064584
2092 9.615805 0.064917
2093 9.615713 0.064713
2094 9.615621 0.063809
2095 9.615621 0.064027
2096 9.615805 0.064151
2097 9.615805 0.064607
2098 9.615621 0.064408
2099 9.615805 0.064194
2100 9.615621 0.064429
2101 9.615621 0.064769
2102 9.593625 0.064838
2103 9.615528 0.063888
2104 9.615713 0.064841
2105 9.569226 0.064721
2106 9.615621 0.064546
2107 9.615713 0.064395
2108 9.555363 0.064803
2109 9.615621 0.064089
2110 9.615805 0.064147
2111 9.544920 0.064444
2112 9.615436 0.064977
2113 9.615713 0.064078
2114 9.528469 0.063651
2115 9.615713 0.064748
2116 9.615528 0.064331
2117 9.523571 0.064146
2118 9.615713 0.063792
2119 9.615805 0.065100
2120 9.517194 0.065127
2121 9.615805 0.064429
2122 9.615805 0.064973
2123 9.523293 0.064795
2124 9.615713 0.064393
2125 9.615713 0.064218
2126 9.527175 0.064851
2127 9.615621 0.064509
2128 9.615528 0.064307
2129 9.534811 0.064463
2130 9.615713 0.064359
2131 9.615805 0.064636
2132 9.542886 0.064948
2133 9.615713 0.064414
2134 9.615805 0.064498
2135 9.554716 0.064255
2136 9.615621 0.064883
2137 9.615805 0.064715
2138 9.573570 0.063873
2139 9.615713 0.064775
2140 9.615621 0.064623
2141 9.591187 0.064671
2142 9.615493 0.064832
2143 9.615621 0.064296
2144 9.615805 0.064680
2145 9.615621 0.064429
2146 9.615713 0.064564
2147 9.615621 0.064740
2148 9.615621 0.064717
2149 9.615528 0.064619
2150 9.615805 0.064256
2151 9.615621 0.064477
2152 9.615805 0.063806
2153 9.615528 0.063984
2154 9.615528 0.064634
2155 9.615621 0.063821
2156 9.615713 0.064688
2157 9.591129 0.065109
2158 9.615621 0.064540
2159 9.615805 0.064529
2160 9.570335 0.064913
2161 9.615805 0.064357
2162 9.615621 0.064564
2163 9.553884 0.063750
2164 9.615805 0.064468
2165 9.615621 0.064344
2166 9.540299 0.064720
2167 9.615805 0.063913
2168 9.615713 0.064791
2169 9.535770 0.064188
2170 9.615493 0.064873
2171 9.615713 0.065294
2172 9.528896 0.064299
2173 9.615621 0.064319
2174 9.615621 0.064561
2175 9.519135 0.064345
2176 9.615528 0.064509
2177 9.615713 0.064421
2178 9.522462 0.064077
2179 9.615713 0.063819
2180 9.615713 0.064177
2181 9.527452 0.064371
2182 9.615713 0.063869
2183 9.615805 0.064655
2184 9.534661 0.064964
2185 9.615401 0.064014
2186 9.615805 0.065063
2187 9.541280 0.064395
2188 9.615621 0.064266
2189 9.615528 0.063594
2190 9.555178 0.065153
2191 9.615805 0.064353
2192 9.615493 0.064928
2193 9.570982 0.063901
2194 9.615621 0.064944
2195 9.615713 0.063635
2196 9.593348 0.063900
2197 9.615805 0.064222
2198 9.615805 0.063992
2199 9.615528 0.064818
2200 9.615713 0.064554
2201 9.615621 0.064980
2202 9.615713 0.064901
2203 9.615713 0.064640
2204 9.615805 0.064592
2205 9.614996 0.064428
2206 9.615713 0.064677
2207 9.615713 0.064578
2208 9.615713 0.064860
2209 9.615805 0.064468
2210 9.615805 0.064791
2211 9.615308 0.063714
2212 9.592978 0.064564
2213 9.615805 0.065106
2214 9.615493 0.064430
2215 9.572368 0.064192
2216 9.615586 0.064435
2217 9.615621 0.064158
2218 9.553422 0.064341
2219 9.615621 0.064457
2220 9.615713 0.063723
2221 9.544365 0.064684
2222 9.615621 0.064381
2223 9.615805 0.064055
2224 9.528377 0.064109
2225 9.615713 0.064423
2226 9.615805 0.064906
2227 9.524033 0.063732
2228 9.615713 0.064505
2229 9.615621 0.064040
2230 9.520983 0.064130
2231 9.615713 0.063880
2232 9.615713 0.064163
2233 9.523478 0.064512
2234 9.615621 0.064208
2235 9.615621 0.064117
2236 9.523571 0.063945
2237 9.615528 0.064570
2238 9.615713 0.064471
2239 9.529301 0.064720
2240 9.615713 0.063897
2241 9.615713 0.063912
2242 9.541685 0.064097
2243 9.615805 0.063368
2244 9.615621 0.065040
2245 9.555548 0.064204
2246 9.615805 0.064155
2247 9.615493 0.064759
2248 9.573847 0.064283
2249 9.615805 0.064428
2250 9.615805 0.064100
2251 9.590078 0.064441
2252 9.615805 0.064087
2253 9.615528 0.064100
2254 9.615621 0.064088
2255 9.615805 0.064726
2256 9.615528 0.064421
2257 9.615621 0.064102
2258 9.615621 0.064188
2259 9.615401 0.064279
2260 9.615528 0.064667
2261 9.615805 0.064937
2262 9.615274 0.064621
2263 9.615436 0.064334
2264 9.615713 0.064182
2265 9.615713 0.064167
2266 9.615621 0.064328
2267 9.593625 0.064223
2268 9.615713 0.063688
2269 9.615713 0.064221
2270 9.571814 0.064578
2271 9.615713 0.064829
2272 9.615621 0.064576
2273 9.554993 0.064524
2274 9.615713 0.063815
2275 9.615805 0.064174
2276 9.541777 0.064465
2277 9.615805 0.064168
2278 9.615274 0.064979
2279 9.530132 0.064579
2280 9.615805 0.064284
2281 9.615621 0.063769
2282 9.525881 0.064531
2283 9.615621 0.064299
2284 9.615805 0.063854
2285 9.524218 0.064051
2286 9.615713 0.064682
2287 9.615805 0.063837
2288 9.518672 0.064360
2289 9.615713 0.063956
2290 9.615713 0.064285
2291 9.526713 0.064279
2292 9.615621 0.064182
2293 9.615713 0.064340
2294 9.530317 0.064199
2295 9.615401 0.064335
2296 9.615805 0.063665
2297 9.541500 0.064122
2298 9.615805 0.063848
2299 9.615528 0.063985
2300 9.558320 0.064623
2301 9.615713 0.064541
2302 9.615621 0.063752
2303 9.571999 0.064280
2304 9.615528 0.064194
2305 9.615713 0.063893
2306 9.592608 0.064228
2307 9.615713 0.063961
2308 9.615805 0.064393
2309 9.615805 0.064322
2310 9.615713 0.064157
2311 9.615621 0.064215
2312 9.615621 0.064729
2313 9.615713 0.063819
2314 9.615805 0.063679
2315 9.615713 0.064674
2316 9.615713 0.063553
2317 9.615805 0.064801
2318 9.615493 0.065006
2319 9.615621 0.064029
2320 9.615621 0.063409
2321 9.615621 0.063840
2322 9.591129 0.064733
2323 9.615805 0.064339
2324 9.615713 0.064178
2325 9.575973 0.064746
2326 9.615713 0.064571
2327 9.615713 0.064370
2328 9.556934 0.064599
2329 9.615805 0.063833
2330 9.615493 0.064111
2331 9.541315 0.064521
2332 9.615713 0.064176
2333 9.615621 0.063799
2334 9.527452 0.063712
2335 9.615713 0.064139
2336 9.615713 0.064238
2337 9.525604 0.063832
2338 9.615805 0.064235
2339 9.615713 0.064275
2340 9.520244 0.064375
2341 9.615713 0.063876
2342 9.615713 0.064498
2343 9.524495 0.064265
2344 9.615805 0.064487
2345 9.615713 0.064421
2346 9.525512 0.063965
2347 9.615621 0.064423
2348 9.615805 0.064599
2349 9.526898 0.064448
2350 9.615621 0.063883
2351 9.615805 0.064531
2352 9.543903 0.064144
2353 9.615805 0.064158
2354 9.615805 0.063877
2355 9.555271 0.064510
2356 9.615493 0.064308
2357 9.615621 0.064289
2358 9.572091 0.063645
2359 9.615713 0.064076
2360 9.615805 0.064369
2361 9.591961 0.064671
2362 9.615713 0.064073
2363 9.615401 0.064098
2364 9.615713 0.063828
2365 9.615528 0.064181
2366 9.615621 0.064661
2367 9.615713 0.064112
2368 9.615713 0.064136
2369 9.615713 0.063852
2370 9.615805 0.063896
2371 9.615713 0.063661
2372 9.615493 0.063553
2373 9.615713 0.064696
2374 9.615805 0.064547
2375 9.615713 0.064332
2376 9.615713 0.063927
2377 9.592608 0.063765
2378 9.615586 0.064477
2379 9.615528 0.064481
2380 9.570058 0.064357
2381 9.615528 0.064345
2382 9.615586 0.064191
2383 9.553792 0.063882
2384 9.615621 0.064417
2385 9.615805 0.064386
2386 9.543591 0.063926
2387 9.615621 0.063822
2388 9.615805 0.064211
2389 9.528192 0.064489
2390 9.615805 0.063915
2391 9.615805 0.064428
2392 9.523016 0.063789
2393 9.615528 0.063973
2394 9.615621 0.063756
2395 9.522000 0.063752
2396 9.615713 0.064817
2397 9.615713 0.064110
2398 9.522554 0.064441
2399 9.615805 0.064375
2400 9.615528 0.064637
2401 9.525199 0.064019
2402 9.615713 0.063687
2403 9.615805 0.064084
2404 9.531796 0.064697
2405 9.615805 0.063925
2406 9.615713 0.063905
2407 9.536232 0.064249
2408 9.615621 0.064410
2409 9.615713 0.064458
2410 9.556714 0.064506
2411 9.615713 0.063928
2412 9.615713 0.064820
2413 9.574309 0.064244
2414 9.615586 0.063800
2415 9.615805 0.064133
2416 9.590852 0.063675
2417 9.615805 0.063689
2418 9.615713 0.063841
2419 9.615713 0.064840
2420 9.615713 0.063371
2421 9.615805 0.064128
2422 9.615805 0.063763
2423 9.615713 0.063920
2424 9.615805 0.064386
2425 9.615493 0.063878
2426 9.615713 0.064320
2427 9.615713 0.063914
2428 9.615586 0.064505
2429 9.615713 0.063506
2430 9.615805 0.063612
2431 9.615805 0.064036
2432 9.593994 0.063470
2433 9.615713 0.063912
2434 9.615621 0.064525
2435 9.575233 0.063769
2436 9.615621 0.063616
2437 9.615621 0.064397
2438 9.553699 0.064060
2439 9.615805 0.063996
2440 9.615401 0.063576
2441 9.540541 0.064171
2442 9.615713 0.064607
2443 9.615805 0.063701
2444 9.531981 0.063732
2445 9.615401 0.064064
2446 9.615805 0.064507
2447 9.526955 0.063818
2448 9.615805 0.064095
2449 9.615621 0.063679
2450 9.518672 0.064265
2451 9.615805 0.064404
2452 9.615621 0.063843
2453 9.521410 0.064118
2454 9.615713 0.064206
2455 9.615713 0.064072
2456 9.522184 0.063941
2457 9.615528 0.063200
2458 9.615621 0.063826
2459 9.531796 0.064108
2460 9.615805 0.063866
2461 9.615401 0.063849
2462 9.540483 0.064211
2463 9.615713 0.064340
2464 9.615805 0.063972
2465 9.551851 0.064054
2466 9.615713 0.063857
2467 9.615805 0.063715
2468 9.571999 0.063830
2469 9.615713 0.063742
2470 9.615528 0.063951
2471 9.593810 0.064076
2472 9.615713 0.063716
2473 9.615713 0.064559
2474 9.615805 0.064164
2475 9.615713 0.063696
2476 9.615621 0.063782
2477 9.615805 0.063748
2478 9.615805 0.063808
2479 9.615436 0.064086
2480 9.615805 0.063781
2481 9.615621 0.064150
2482 9.615713 0.063513
2483 9.615713 0.064088
2484 9.615713 0.063877
2485 9.615713 0.064181
2486 9.615713 0.063203
2487 9.591776 0.063974
2488 9.615713 0.064344
2489 9.615713 0.064275
2490 9.574089 0.063888
2491 9.615621 0.063325
2492 9.615713 0.064025
2493 9.557396 0.063278
2494 9.615621 0.063610
2495 9.615713 0.063695
2496 9.545289 0.064483
2497 9.615805 0.063333
2498 9.615713 0.064089
2499 9.530652 0.063627
2500 9.615436 0.063653
2501 9.615805 0.063529
2502 9.523663 0.064069
2503 9.615713 0.063885
2504 9.615713 0.064095
2505 9.524310 0.063939
2506 9.615805 0.064403
2507 9.615713 0.064638
2508 9.521340 0.063897
2509 9.615805 0.063983
2510 9.615436 0.064285
2511 9.524680 0.064018
2512 9.615713 0.063994
2513 9.615805 0.064187
2514 9.532535 0.064282
2515 9.615621 0.064140
2516 9.615713 0.064272
2517 9.546860 0.064306
2518 9.615586 0.063829
2519 9.615621 0.063777
2520 9.557304 0.064190
2521 9.615805 0.063658
2522 9.615216 0.063914
2523 9.570150 0.064513
2524 9.615528 0.064225
2525 9.615713 0.064218
2526 9.591499 0.063851
2527 9.615528 0.063435
2528 9.615713 0.064295
2529 9.615713 0.064073
2530 9.615805 0.063336
2531 9.615805 0.063738
2532 9.615621 0.064064
2533 9.615713 0.063831
2534 9.615805 0.064276
2535 9.615621 0.064667
2536 9.615713 0.063753
2537 9.615713 0.064079
2538 9.615621 0.064235
2539 9.615713 0.063618
2540 9.615805 0.063839
2541 9.615713 0.064008
2542 9.590575 0.063502
2543 9.615713 0.064729
2544 9.615805 0.063939
2545 9.572091 0.063469
2546 9.615621 0.063938
2547 9.615805 0.063791
2548 9.556899 0.064377
2549 9.615621 0.063924
2550 9.615805 0.063973
2551 9.540633 0.063642
2552 9.615436 0.063869
2553 9.615621 0.063749
2554 9.529486 0.064070
2555 9.615621 0.063703
2556 9.615805 0.063499
2557 9.524680 0.063840
2558 9.615713 0.063889
2559 9.615713 0.064085
2560 9.518303 0.063901
2561 9.615713 0.064434
2562 9.615805 0.063525
2563 9.526990 0.063976
2564 9.615621 0.064106
2565 9.615805 0.063397
2566 9.522000 0.064341
2567 9.615621 0.063532
2568 9.615713 0.063984
2569 9.533829 0.063901
2570 9.615713 0.063619
2571 9.615805 0.063846
2572 9.542020 0.063285
2573 9.615805 0.063749
2574 9.615805 0.063817
2575 9.554993 0.063845
2576 9.615713 0.064104
2577 9.615713 0.064377
2578 9.571039 0.063732
2579 9.615713 0.063677
2580 9.615805 0.064138
2581 9.593440 0.063859
2582 9.615805 0.063877
2583 9.615713 0.063740
2584 9.615805 0.063539
2585 9.615713 0.064593
2586 9.615621 0.064295
2587 9.615805 0.064081
2588 9.615805 0.064149
2589 9.615713 0.063580
2590 9.615805 0.063873
2591 9.615528 0.063540
2592 9.615586 0.063894
2593 9.615805 0.063881
2594 9.615621 0.064283
2595 9.615621 0.063818
2596 9.615713 0.063377
2597 9.592978 0.063641
2598 9.615805 0.064132
2599 9.615805 0.064058
2600 9.568394 0.063836
2601 9.615528 0.063905
2602 9.615805 0.063813
2603 9.556472 0.063574
2604 9.615528 0.063775
2605 9.615713 0.064063
2606 9.540483 0.063526
2607 9.615713 0.064199
2608 9.615621 0.064720
2609 9.531519 0.063543
2610 9.615805 0.064117
2611 9.615713 0.064576
2612 9.526158 0.063588
2613 9.615805 0.064019
2614 9.615493 0.063895
2615 9.518765 0.063687
2616 9.615713 0.063499
2617 9.615805 0.063339
2618 9.523293 0.063521
2619 9.615713 0.063740
2620 9.615805 0.063779
2621 9.526343 0.064310
2622 9.615621 0.063757
2623 9.615805 0.063911
2624 9.532997 0.063508
2625 9.615713 0.063653
2626 9.615713 0.063787
2627 9.543071 0.063859
2628 9.615713 0.063684
2629 9.615713 0.064136
2630 9.553145 0.063042
2631 9.615805 0.063684
2632 9.615713 0.064669
2633 9.571352 0.063347
2634 9.615713 0.064107
2635 9.615805 0.063235
2636 9.591499 0.063930
2637 9.615805 0.063787
2638 9.615621 0.064193
2639 9.615805 0.063929
2640 9.615805 0.064216
2641 9.615805 0.064297
2642 9.615621 0.064126
2643 9.615713 0.064180
2644 9.615401 0.063932
2645 9.615713 0.063046
2646 9.615805 0.064594
2647 9.615805 0.063607
2648 9.615713 0.063653
2649 9.615621 0.063999
2650 9.615713 0.063695
2651 9.615713 0.063528
2652 9.588172 0.064149
2653 9.615713 0.063702
2654 9.615528 0.063669
2655 9.574032 0.064445
2656 9.615493 0.063630
2657 9.615713 0.064037
2658 9.556380 0.064232
2659 9.615805 0.063924
2660 9.615621 0.063760
2661 9.542702 0.063958
2662 9.615805 0.064175
2663 9.615713 0.063983
2664 9.533922 0.063605
2665 9.615621 0.063775
2666 9.615805 0.063717
2667 9.525199 0.063619
2668 9.615713 0.063560
2669 9.615713 0.064313
2670 9.525142 0.063711
2671 9.615713 0.063794
2672 9.615621 0.063857
2673 9.517101 0.064257
2674 9.615621 0.064341
2675 9.615805 0.063542
2676 9.527013 0.063640
2677 9.615621 0.063572
2678 9.615713 0.063893
2679 9.533737 0.063218
2680 9.615805 0.063873
2681 9.615713 0.063826
2682 9.539005 0.063849
2683 9.615805 0.063011
2684 9.615401 0.063935
2685 9.551481 0.064183
2686 9.615713 0.063980
2687 9.615621 0.064055
2688 9.573108 0.063775
2689 9.615621 0.063871
2690 9.615621 0.064468
2691 9.590020 0.063561
2692 9.615621 0.064160
2693 9.615586 0.063492
2694 9.615805 0.063272
2695 9.615713 0.063872
2696 9.615713 0.063852
2697 9.615493 0.064732
2698 9.615528 0.064135
2699 9.615621 0.063272
2700 9.615805 0.064365
2701 9.615621 0.064181
2702 9.615621 0.064200
2703 9.615805 0.064207
2704 9.615805 0.063230
2705 9.615586 0.063475
2706 9.615713 0.063512
2707 9.591129 0.063557
2708 9.615621 0.063532
2709 9.615713 0.063836
2710 9.570797 0.064464
2711 9.615805 0.063997
2712 9.615713 0.064425
2713 9.555825 0.064173
2714 9.615621 0.064237
2715 9.615713 0.063344
2716 9.543441 0.064041
2717 9.615805 0.063403
2718 9.615713 0.063507
2719 9.534014 0.064152
2720 9.615621 0.064270
2721 9.615713 0.063777
2722 9.526343 0.063932
2723 9.615805 0.063983
2724 9.615621 0.063483
2725 9.525234 0.063966
2726 9.615713 0.063346
2727 9.615805 0.063172
2728 9.523201 0.063758
2729 9.615713 0.064061
2730 9.615436 0.063756
2731 9.523663 0.063713
2732 9.615713 0.064059
2733 9.615401 0.063421
2734 9.532720 0.063689
2735 9.615493 0.064262
2736 9.615805 0.064093
2737 9.542574 0.063738
2738 9.615713 0.063938
2739 9.615805 0.063330
2740 9.551781 0.063363
2741 9.615713 0.063349
2742 9.615805 0.064277
2743 9.571906 0.063595
2744 9.615713 0.063441
2745 9.615586 0.064042
2746 9.592701 0.063496
2747 9.615713 0.063734
2748 9.615805 0.063704
2749 9.615436 0.064244
2750 9.615621 0.063448
2751 9.615528 0.063514
2752 9.615621 0.063501
2753 9.615713 0.063722
2754 9.615805 0.063736
2755 9.615805 0.064085
2756 9.615805 0.063572
2757 9.615621 0.063841
2758 9.615308 0.063783
2759 9.615713 0.063530
2760 9.615621 0.063907
2761 9.615713 0.064266
2762 9.593902 0.063534
2763 9.615528 0.063915
2764 9.615805 0.063527
2765 9.570150 0.063678
2766 9.615805 0.063693
2767 9.615713 0.063274
2768 9.554069 0.063510
2769 9.615621 0.063337
2770 9.615805 0.063757
2771 9.540391 0.063842
2772 9.615805 0.064093
2773 9.615621 0.063499
2774 9.530964 0.063446
2775 9.615805 0.063875
2776 9.615713 0.063111
2777 9.526343 0.063792
2778 9.615528 0.063613
2779 9.615713 0.063671
2780 9.521630 0.063411
2781 9.615621 0.063714
2782 9.615621 0.063822
2783 9.524402 0.063371
2784 9.615713 0.063642
2785 9.615805 0.064033
2786 9.525569 0.063061
2787 9.615621 0.063620
2788 9.615805 0.063520
2789 9.534014 0.063634
2790 9.615805 0.063851
2791 9.615621 0.063324
2792 9.546121 0.064174
2793 9.615713 0.063837
2794 9.615805 0.063612
2795 9.554162 0.063901
2796 9.615713 0.064001
2797 9.615713 0.063350
2798 9.570335 0.063772
2799 9.615621 0.064101
2800 9.615713 0.062831
2801 9.592054 0.063633
2802 9.615805 0.063744
2803 9.615493 0.063776
2804 9.615713 0.063415
2805 9.615805 0.063979
2806 9.615528 0.064086
2807 9.615713 0.062637
2808 9.615805 0.064478
2809 9.615216 0.063625
2810 9.615805 0.063990
2811 9.615805 0.063417
2812 9.615713 0.063732
2813 9.615493 0.064016
2814 9.615713 0.063779
2815 9.615805 0.063911
2816 9.615528 0.063943
2817 9.591499 0.063442
2818 9.615713 0.063158
2819 9.615713 0.064174
2820 9.571074 0.063743
2821 9.615713 0.063868
2822 9.615713 0.063547
2823 9.556842 0.064170
2824 9.615805 0.063455
2825 9.615621 0.063189
2826 9.541777 0.063627
2827 9.615713 0.063021
2828 9.615713 0.063949
2829 9.532905 0.063771
2830 9.615621 0.063600
2831 9.615528 0.063404
2832 9.526528 0.063706
2833 9.615713 0.063778
2834 9.615713 0.063715
2835 9.517471 0.063637
2836 9.615713 0.064081
2837 9.615805 0.063168
2838 9.520394 0.063540
2839 9.615436 0.063571
2840 9.615805 0.063644
2841 9.525419 0.063462
2842 9.615713 0.063228
2843 9.615621 0.064153
2844 9.530872 0.063658
2845 9.615436 0.063817
2846 9.615621 0.063600
2847 9.538635 0.064109
2848 9.615713 0.063459
2849 9.615805 0.063107
2850 9.558505 0.064021
2851 9.615528 0.063341
2852 9.615713 0.063330
2853 9.573385 0.063733
2854 9.615621 0.063788
2855 9.615805 0.062777
2856 9.594457 0.063860
2857 9.615621 0.063875
2858 9.615621 0.063233
2859 9.615805 0.063364
2860 9.615308 0.063581
2861 9.615805 0.063740
2862 9.615805 0.063408
2863 9.615621 0.063791
2864 9.615528 0.063406
2865 9.615805 0.063414
2866 9.615621 0.063425
2867 9.615805 0.063551
2868 9.615805 0.064094
2869 9.615713 0.064083
2870 9.615713 0.063696
2871 9.615436 0.063312
2872 9.592793 0.064372
2873 9.615805 0.063630
2874 9.615436 0.063829
2875 9.575326 0.063400
2876 9.615713 0.063886
2877 9.615713 0.063363
2878 9.555733 0.064192
2879 9.615805 0.063692
2880 9.615621 0.063891
2881 9.540356 0.064098
2882 9.615713 0.063993
2883 9.615713 0.063693
2884 9.533367 0.063291
2885 9.615713 0.063930
2886 9.615621 0.063904
2887 9.523201 0.064258
2888 9.615528 0.063663
2889 9.615713 0.063852
2890 9.522277 0.063414
2891 9.615713 0.064306
2892 9.615805 0.063697
2893 9.520336 0.063698
2894 9.615586 0.063537
2895 9.615805 0.063986
2896 9.521537 0.063764
2897 9.615621 0.063306
2898 9.615805 0.063714
2899 9.531149 0.063479
2900 9.615805 0.063025
2901 9.615713 0.063749
2902 9.543441 0.064623
2903 9.615805 0.064258
2904 9.615713 0.062604
2905 9.555733 0.063214
2906 9.615713 0.063090
2907 9.615713 0.064276
2908 9.573385 0.063915
2909 9.615713 0.063022
2910 9.615713 0.063620
2911 9.593625 0.063432
2912 9.615805 0.064010
2913 9.615713 0.063223
2914 9.615621 0.063221
2915 9.615713 0.063413
2916 9.615713 0.063081
2917 9.615713 0.063379
2918 9.615713 0.063569
2919 9.615805 0.062880
2920 9.615528 0.063384
2921 9.615713 0.063828
2922 9.615621 0.064001
2923 9.615805 0.063450
2924 9.615621 0.063080
2925 9.615713 0.063378
2926 9.615713 0.063330
2927 9.591129 0.063203
2928 9.615805 0.063535
2929 9.615621 0.063954
2930 9.571167 0.063887
2931 9.615621 0.063821
2932 9.615805 0.063685
2933 9.555086 0.063357
2934 9.615586 0.063088
2935 9.615621 0.063312
2936 9.541500 0.063265
2937 9.615528 0.063723
2938 9.615805 0.063838
2939 9.526436 0.064216
2940 9.615805 0.063858
2941 9.615621 0.063701
2942 9.525199 0.063903
2943 9.615713 0.063742
2944 9.615621 0.064264
2945 9.519135 0.063914
2946 9.615713 0.062949
2947 9.615713 0.063718
2948 9.522462 0.063418
2949 9.615713 0.063434
2950 9.615528 0.063107
2951 9.522739 0.063429
2952 9.615805 0.063487
2953 9.615805 0.063814
2954 9.536105 0.064043
2955 9.615713 0.064111
2956 9.615713 0.063067
2957 9.541038 0.062911
2958 9.615621 0.064023
2959 9.615805 0.064000
2960 9.557119 0.063930
2961 9.615528 0.063259
2962 9.615621 0.064226
2963 9.570705 0.063821
2964 9.615713 0.063504
2965 9.615621 0.063097
2966 9.593902 0.063556
2967 9.615713 0.063453
2968 9.615805 0.063757
2969 9.615586 0.064015
2970 9.615621 0.063522
2971 9.615713 0.063960
2972 9.615621 0.063517
2973 9.615713 0.062919
2974 9.615401 0.063904
2975 9.615713 0.063633
2976 9.615621 0.063256
2977 9.615805 0.063317
2978 9.615713 0.063133
2979 9.615805 0.063829
2980 9.615713 0.063618
2981 9.615713 0.063455
2982 9.592054 0.063615
2983 9.615621 0.063283
2984 9.615805 0.063759
2985 9.571721 0.063564
2986 9.615713 0.063528
2987 9.615586 0.063714
2988 9.554531 0.063431
2989 9.615621 0.063224
2990 9.615713 0.063265
2991 9.541223 0.064011
2992 9.615713 0.063320
2993 9.615713 0.063470
2994 9.529358 0.063786
2995 9.615586 0.063517
2996 9.615713 0.063005
2997 9.525696 0.063927
2998 9.615713 0.063481
2999 9.615621 0.064204
3000 9.519319 0.063321
3001 9.615713 0.063860
3002 9.615528 0.063817
3003 9.522554 0.063285
3004 9.615713 0.064363
3005 9.615713 0.063696
3006 9.525327 0.063393
3007 9.615528 0.063346
3008 9.615621 0.063602
3009 9.530964 0.063662
3010 9.615621 0.063858
3011 9.615805 0.063490
3012 9.543348 0.063317
3013 9.615713 0.063467
3014 9.615713 0.063724
3015 9.556195 0.063174
3016 9.615713 0.063796
3017 9.615805 0.063597
3018 9.569965 0.063444
3019 9.615805 0.063783
3020 9.615713 0.063176
3021 9.591592 0.063288
3022 9.615805 0.063499
3023 9.615401 0.063629
3024 9.615621 0.063558
3025 9.615805 0.063584
3026 9.615805 0.063117
3027 9.615528 0.063397
3028 9.615805 0.063467
3029 9.615493 0.063418
3030 9.615805 0.063118
3031 9.615586 0.063390
3032 9.615713 0.062873
3033 9.615805 0.063390
3034 9.615713 0.064031
3035 9.615713 0.063591
3036 9.615528 0.063701
3037 9.592054 0.064060
3038 9.615805 0.064001
3039 9.615713 0.063248
3040 9.572795 0.063220
3041 9.615805 0.063192
3042 9.615713 0.062733
3043 9.557581 0.063711
3044 9.615528 0.063863
3045 9.615621 0.063114
3046 9.540299 0.063089
3047 9.615713 0.063588
3048 9.615621 0.062852
3049 9.533829 0.063810
3050 9.615493 0.063646
3051 9.615805 0.063327
3052 9.524495 0.063933
3053 9.615621 0.064168
3054 9.615621 0.062919
3055 9.520671 0.063439
3056 9.615621 0.063106
3057 9.615805 0.063057
3058 9.529301 0.063669
3059 9.615401 0.063327
3060 9.615493 0.063409
3061 9.524957 0.063300
3062 9.615805 0.063300
3063 9.615621 0.063869
3064 9.532073 0.063122
3065 9.615805 0.064024
3066 9.615621 0.062988
3067 9.540299 0.063060
3068 9.615713 0.064025
3069 9.615621 0.063276
3070 9.556287 0.063125
3071 9.615621 0.063252
3072 9.615621 0.063717
3073 9.574032 0.063608
3074 9.615805 0.062961
3075 9.615621 0.063324
3076 9.592608 0.063631
3077 9.615621 0.064187
3078 9.615713 0.062880
3079 9.615805 0.063290
3080 9.615805 0.063710
3081 9.615713 0.063830
3082 9.615805 0.063603
3083 9.615621 0.063253
3084 9.615713 0.063408
3085 9.615713 0.064140
3086 9.615805 0.063558
3087 9.615713 0.063177
3088 9.615713 0.063739
3089 9.615713 0.063409
3090 9.615621 0.062762
3091 9.615493 0.063841
3092 9.593994 0.063854
3093 9.615805 0.063129
3094 9.615805 0.063685
3095 9.568949 0.063692
3096 9.615805 0.063379
3097 9.615621 0.063490
3098 9.553884 0.063260
3099 9.615713 0.063335
3100 9.615621 0.063615
3101 9.537249 0.063291
3102 9.615713 0.063560
3103 9.615805 0.063394
3104 9.531242 0.063703
3105 9.615621 0.062974
3106 9.615621 0.063441
3107 9.523386 0.062908
3108 9.615713 0.063262
3109 9.615586 0.062679
3110 9.524402 0.063696
3111 9.615436 0.063504
3112 9.615805 0.063271
3113 9.520521 0.063190
3114 9.615805 0.063039
3115 9.615621 0.063355
3116 9.527452 0.063334
3117 9.615713 0.062748
3118 9.615713 0.063714
3119 9.532905 0.063376
3120 9.615713 0.063053
3121 9.615713 0.063489
3122 9.538358 0.063616
3123 9.615528 0.063257
3124 9.615621 0.063033
3125 9.553330 0.062966
3126 9.615805 0.063842
3127 9.615713 0.063617
3128 9.571074 0.063214
3129 9.615621 0.063215
3130 9.615713 0.063757
3131 9.593163 0.063816
3132 9.615621 0.063345
3133 9.615621 0.062939
3134 9.615805 0.063918
3135 9.615713 0.063346
3136 9.615621 0.063965
3137 9.615621 0.063373
3138 9.615621 0.063375
3139 9.615805 0.063492
3140 9.615621 0.063261
3141 9.615713 0.063031
3142 9.615805 0.063068
3143 9.615713 0.063496
3144 9.615713 0.063372
3145 9.615805 0.063560
3146 9.615713 0.063449
3147 9.592701 0.063077
3148 9.615621 0.063229
3149 9.615586 0.063454
3150 9.568764 0.063336
3151 9.615436 0.063424
3152 9.615805 0.063588
3153 9.552868 0.063235
3154 9.615805 0.063321
3155 9.615621 0.063168
3156 9.544735 0.063663
3157 9.615713 0.063809
3158 9.615805 0.063553
3159 9.533610 0.063614
3160 9.615621 0.063565
3161 9.615713 0.063426
3162 9.528284 0.063633
3163 9.615805 0.063488
3164 9.615713 0.063118
3165 9.522554 0.063594
3166 9.615528 0.062955
3167 9.615805 0.062767
3168 9.524772 0.063767
3169 9.615805 0.063501
3170 9.615713 0.063653
3171 9.526251 0.063101
3172 9.615713 0.063716
3173 9.615805 0.063141
3174 9.536140 0.063257
3175 9.615713 0.063449
3176 9.615805 0.063529
3177 9.547230 0.064058
3178 9.615805 0.063001
3179 9.615713 0.063204
3180 9.557766 0.063697
3181 9.615805 0.063345
3182 9.615805 0.062924
3183 9.570335 0.062863
3184 9.615436 0.063368
3185 9.615713 0.063684
3186 9.591464 0.063262
3187 9.615805 0.063199
3188 9.615805 0.064177
3189 9.615621 0.063106
3190 9.615713 0.063348
3191 9.615713 0.063656
3192 9.615713 0.063331
3193 9.615621 0.063665
3194 9.615805 0.063165
3195 9.615401 0.063514
3196 9.615586 0.063796
3197 9.615713 0.062900
3198 9.615805 0.063010
3199 9.615805 0.063579
3200 9.615713 0.063373
3201 9.615621 0.063355
3202 9.592701 0.063389
3203 9.615713 0.063458
3204 9.615805 0.063349
3205 9.573385 0.063811
3206 9.615713 0.063647
3207 9.615713 0.063379
3208 9.554993 0.063273
3209 9.615713 0.063918
3210 9.615805 0.063496
3211 9.539929 0.063339
3212 9.615805 0.063382
3213 9.615621 0.063566
3214 9.529578 0.063237
3215 9.615713 0.062713
3216 9.615713 0.063299
3217 9.520613 0.062914
3218 9.615805 0.062980
3219 9.615713 0.063402
3220 9.524125 0.062925
3221 9.615621 0.063856
3222 9.615713 0.063421
3223 9.519412 0.063082
3224 9.615713 0.063989
3225 9.615805 0.063252
3226 9.530005 0.063640
3227 9.615713 0.062982
3228 9.615805 0.062986
3229 9.532073 0.063531
