0 0.007812 0.527788
1 0.005662 0.402121
2 0.001789 0.393422
3 0.003276 0.396469
4 0.001123 0.393975
5 0.000594 0.390057
6 0.000602 0.356697
7 0.000633 0.257656
8 0.000152 0.199622
9 0.000160 0.173738
10 0.000537 0.161413
11 0.000184 0.154478
12 0.000342 0.148911
13 0.000115 0.147093
14 0.000232 0.144700
15 0.000235 0.143183
16 0.000005 0.141961
17 0.000055 0.141142
18 0.000060 0.140549
19 0.000107 0.138583
20 0.000061 0.139259
21 0.000777 0.138393
22 0.000042 0.138152
23 -0.000000 0.137221
24 0.000031 0.135869
25 0.000128 0.135688
26 0.000036 0.135714
27 -0.000017 0.134717
28 0.000150 0.134197
29 -0.000023 0.134279
30 -0.000090 0.133577
31 0.000104 0.133145
32 -0.000069 0.132840
33 0.000003 0.131847
34 0.000057 0.131573
35 0.000051 0.131988
36 0.000373 0.131895
37 -0.000068 0.130740
38 -0.000070 0.129739
39 0.000085 0.129815
40 -0.000019 0.129450
41 0.000035 0.129233
42 0.000011 0.128507
43 0.000031 0.127918
44 -0.000006 0.128697
45 -0.000046 0.127639
46 0.000044 0.126533
47 0.000047 0.126987
48 0.000011 0.126681
49 0.000001 0.126633
50 -0.000006 0.125479
51 0.000034 0.127123
52 0.000037 0.125898
53 0.000002 0.125596
54 -0.000014 0.125196
55 -0.000048 0.125520
56 -0.000026 0.126068
57 -0.000006 0.125607
58 0.000020 0.125963
59 0.000026 0.125488
60 0.000023 0.125033
61 0.000035 0.124244
62 0.000021 0.124291
63 -0.000016 0.124612
64 0.000001 0.123709
65 -0.000008 0.124211
66 0.000003 0.123731
67 0.000042 0.124059
68 -0.000018 0.123362
69 -0.000027 0.124292
70 -0.000037 0.123335
71 0.000032 0.123053
72 -0.000017 0.123184
73 0.000015 0.123126
74 0.000044 0.123929
75 0.000083 0.122270
76 -0.000018 0.122191
77 -0.000006 0.122921
78 -0.000003 0.122827
79 -0.000003 0.121861
80 0.000015 0.122669
81 0.000038 0.122738
82 0.000009 0.122379
83 -0.000005 0.121965
84 -0.000029 0.121851
85 0.000008 0.122459
86 0.000021 0.122394
87 -0.000005 0.121443
88 -0.000023 0.120403
89 0.000008 0.120200
90 0.000004 0.120389
91 0.000030 0.121175
92 0.000021 0.121473
93 0.000023 0.121797
94 -0.000001 0.120722
95 0.000036 0.121453
96 0.000051 0.121119
97 0.000035 0.120821
98 -0.000009 0.120337
99 0.000021 0.120170
100 -0.000037 0.120616
101 0.000007 0.120284
102 -0.000016 0.120328
103 0.000021 0.120304
104 0.000012 0.120213
105 -0.000002 0.120670
106 -0.000000 0.120066
107 -0.000008 0.119984
108 0.000014 0.119993
109 0.000003 0.119837
110 0.000071 0.119800
111 -0.000012 0.119084
112 -0.000013 0.120322
113 0.000022 0.119249
114 0.000020 0.119867
115 -0.000012 0.118690
116 0.000021 0.119153
117 0.000029 0.119221
118 -0.000001 0.119727
119 0.000015 0.119315
120 0.000007 0.118960
121 -0.000004 0.118872
122 -0.000018 0.118199
123 0.000025 0.118909
124 0.000018 0.118361
125 0.000001 0.118584
126 -0.000004 0.118011
127 -0.000026 0.118665
128 -0.000001 0.119155
129 0.000008 0.117552
130 -0.000016 0.118307
131 -0.000006 0.118026
132 -0.000011 0.118087
133 0.000000 0.117806
134 -0.000004 0.117630
135 0.000005 0.117928
136 0.000003 0.118257
137 -0.000007 0.117249
138 0.000001 0.116960
139 -0.000007 0.118578
140 -0.000003 0.116937
141 -0.000010 0.117831
142 -0.000013 0.117527
143 0.000013 0.117560
144 0.000002 0.118808
145 0.000011 0.117708
146 -0.000014 0.116617
147 0.000011 0.118186
148 0.000009 0.117068
